100
0 0 n 0
0 1 b 0
0 2 a 0
0 3 u 0
0 4 u 0
0 5 x 0
0 6 q 0
0 7 c 0
0 8 y 0
0 9 w 0
0 10 t 0
0 11 c 0
0 12 b 0
0 13 v 0
0 14 r 0
0 15 p 0
0 16 g 0
0 17 b 0
0 18 b 0
0 19 i 0
0 20 e 0
0 21 a 0
0 22 a 0
0 23 u 0
0 24 s 0
0 25 e 0
0 26 o 0
0 27 v 0
0 28 m 0
0 29 s 0
0 30 x 0
0 31 g 0
0 32 t 0
0 33 u 0
0 34 r 0
0 35 c 0
0 36 c 0
0 37 n 0
0 38 k 0
0 39 r 0
0 40 c 0
0 41 w 0
0 42 n 0
0 43 q 0
0 44 p 0
0 45 h 0
0 46 e 0
0 47 i 0
0 48 a 0
0 49 z 0
0 50 j 0
0 51 t 0
0 52 q 0
0 53 q 0
0 54 e 0
0 55 f 0
0 56 n 0
0 57 l 0
0 58 o 0
0 59 r 0
0 60 l 0
0 61 q 0
0 62 d 0
0 63 o 0
0 64 p 0
0 65 r 0
0 66 a 0
0 67 y 0
0 68 f 0
0 69 l 0
0 70 v 0
0 71 d 0
0 72 g 0
0 73 u 0
0 74 a 0
0 75 g 0
0 76 l 0
0 77 q 0
0 78 g 0
0 79 i 0
0 80 a 0
0 81 d 0
0 82 o 0
0 83 p 0
0 84 s 0
0 85 y 0
0 86 f 0
0 87 o 0
0 88 p 0
0 89 s 0
0 90 c 0
0 91 j 0
0 92 s 0
0 93 w 0
0 94 i 0
0 95 c 0
0 96 y 0
0 97 n 0
0 98 u 0
0 99 m 0
1 0 w 0
1 1 u 0
1 2 c 0
1 3 m 0
1 4 l 0
1 5 q 0
1 6 t 0
1 7 z 0
1 8 m 0
1 9 c 0
1 10 w 0
1 11 q 0
1 12 j 0
1 13 t 0
1 14 t 0
1 15 m 0
1 16 x 0
1 17 o 0
1 18 b 0
1 19 u 0
1 20 n 0
1 21 p 0
1 22 r 0
1 23 q 0
1 24 o 0
1 25 k 0
1 26 w 0
1 27 w 0
1 28 f 0
1 29 l 0
1 30 j 0
1 31 h 0
1 32 q 0
1 33 d 0
1 34 g 0
1 35 p 0
1 36 t 0
1 37 k 0
1 38 x 0
1 39 b 0
1 40 y 0
1 41 q 0
1 42 m 0
1 43 a 0
1 44 d 0
1 45 k 0
1 46 p 0
1 47 h 0
1 48 r 0
1 49 i 0
1 50 q 0
1 51 f 0
1 52 r 0
1 53 z 0
1 54 b 0
1 55 o 0
1 56 r 0
1 57 w 0
1 58 f 0
1 59 u 0
1 60 c 0
1 61 g 0
1 62 c 0
1 63 d 0
1 64 s 0
1 65 g 0
1 66 o 0
1 67 x 0
1 68 z 0
1 69 q 0
1 70 c 0
1 71 t 0
1 72 v 0
1 73 p 0
1 74 h 0
1 75 c 0
1 76 s 0
1 77 h 0
1 78 t 0
1 79 l 0
1 80 d 0
1 81 b 0
1 82 p 0
1 83 k 0
1 84 a 0
1 85 z 0
1 86 f 0
1 87 l 0
1 88 p 0
1 89 q 0
1 90 h 0
1 91 y 0
1 92 p 0
1 93 z 0
1 94 d 0
1 95 o 0
1 96 y 0
1 97 j 0
1 98 s 0
1 99 s 0
2 0 l 0
2 1 q 0
2 2 b 0
2 3 o 0
2 4 y 0
2 5 m 0
2 6 p 0
2 7 m 0
2 8 q 0
2 9 t 0
2 10 j 0
2 11 g 0
2 12 g 0
2 13 h 0
2 14 d 0
2 15 d 0
2 16 w 0
2 17 f 0
2 18 i 0
2 19 m 0
2 20 g 0
2 21 w 0
2 22 h 0
2 23 g 0
2 24 x 0
2 25 x 0
2 26 s 0
2 27 u 0
2 28 p 0
2 29 y 0
2 30 e 0
2 31 r 0
2 32 q 0
2 33 n 0
2 34 y 0
2 35 h 0
2 36 e 0
2 37 t 0
2 38 l 0
2 39 n 0
2 40 m 0
2 41 t 0
2 42 t 0
2 43 g 0
2 44 j 0
2 45 d 0
2 46 e 0
2 47 q 0
2 48 c 0
2 49 k 0
2 50 j 0
2 51 i 0
2 52 s 0
2 53 i 0
2 54 p 0
2 55 o 0
2 56 b 0
2 57 c 0
2 58 i 0
2 59 g 0
2 60 d 0
2 61 u 0
2 62 s 0
2 63 j 0
2 64 s 0
2 65 u 0
2 66 n 0
2 67 z 0
2 68 o 0
2 69 x 0
2 70 w 0
2 71 b 0
2 72 c 0
2 73 o 0
2 74 f 0
2 75 i 0
2 76 s 0
2 77 i 0
2 78 j 0
2 79 o 0
2 80 l 0
2 81 r 0
2 82 e 0
2 83 a 0
2 84 b 0
2 85 n 0
2 86 t 0
2 87 w 0
2 88 q 0
2 89 a 0
2 90 s 0
2 91 t 0
2 92 k 0
2 93 d 0
2 94 v 0
2 95 c 0
2 96 j 0
2 97 w 0
2 98 e 0
2 99 b 0
3 0 r 0
3 1 c 0
3 2 h 0
3 3 q 0
3 4 e 0
3 5 b 0
3 6 d 0
3 7 g 0
3 8 p 0
3 9 g 0
3 10 w 0
3 11 j 0
3 12 u 0
3 13 s 0
3 14 g 0
3 15 g 0
3 16 t 0
3 17 t 0
3 18 s 0
3 19 o 0
3 20 b 0
3 21 p 0
3 22 w 0
3 23 t 0
3 24 l 0
3 25 d 0
3 26 w 0
3 27 f 0
3 28 v 0
3 29 k 0
3 30 c 0
3 31 f 0
3 32 e 0
3 33 e 0
3 34 t 0
3 35 k 0
3 36 q 0
3 37 t 0
3 38 r 0
3 39 j 0
3 40 d 0
3 41 y 0
3 42 a 0
3 43 h 0
3 44 x 0
3 45 x 0
3 46 h 0
3 47 z 0
3 48 p 0
3 49 p 0
3 50 t 0
3 51 u 0
3 52 j 0
3 53 a 0
3 54 u 0
3 55 g 0
3 56 u 0
3 57 w 0
3 58 l 0
3 59 a 0
3 60 a 0
3 61 z 0
3 62 u 0
3 63 e 0
3 64 g 0
3 65 t 0
3 66 a 0
3 67 d 0
3 68 u 0
3 69 o 0
3 70 g 0
3 71 x 0
3 72 l 0
3 73 c 0
3 74 e 0
3 75 e 0
3 76 t 0
3 77 b 0
3 78 u 0
3 79 b 0
3 80 c 0
3 81 j 0
3 82 b 0
3 83 h 0
3 84 s 0
3 85 h 0
3 86 q 0
3 87 y 0
3 88 y 0
3 89 y 0
3 90 g 0
3 91 p 0
3 92 q 0
3 93 s 0
3 94 i 0
3 95 p 0
3 96 o 0
3 97 s 0
3 98 e 0
3 99 z 0
4 0 b 0
4 1 l 0
4 2 h 0
4 3 c 0
4 4 i 0
4 5 f 0
4 6 d 0
4 7 y 0
4 8 x 0
4 9 t 0
4 10 n 0
4 11 l 0
4 12 x 0
4 13 f 0
4 14 y 0
4 15 z 0
4 16 o 0
4 17 h 0
4 18 w 0
4 19 i 0
4 20 p 0
4 21 b 0
4 22 g 0
4 23 a 0
4 24 e 0
4 25 l 0
4 26 q 0
4 27 p 0
4 28 o 0
4 29 a 0
4 30 w 0
4 31 f 0
4 32 l 0
4 33 g 0
4 34 z 0
4 35 f 0
4 36 k 0
4 37 k 0
4 38 x 0
4 39 p 0
4 40 r 0
4 41 u 0
4 42 e 0
4 43 d 0
4 44 z 0
4 45 l 0
4 46 g 0
4 47 n 0
4 48 g 0
4 49 u 0
4 50 s 0
4 51 d 0
4 52 s 0
4 53 a 0
4 54 h 0
4 55 x 0
4 56 i 0
4 57 g 0
4 58 j 0
4 59 w 0
4 60 j 0
4 61 n 0
4 62 t 0
4 63 j 0
4 64 m 0
4 65 p 0
4 66 z 0
4 67 z 0
4 68 p 0
4 69 c 0
4 70 a 0
4 71 k 0
4 72 z 0
4 73 b 0
4 74 q 0
4 75 c 0
4 76 f 0
4 77 u 0
4 78 n 0
4 79 f 0
4 80 f 0
4 81 w 0
4 82 s 0
4 83 c 0
4 84 z 0
4 85 x 0
4 86 g 0
4 87 o 0
4 88 y 0
4 89 l 0
4 90 t 0
4 91 m 0
4 92 g 0
4 93 z 0
4 94 s 0
4 95 g 0
4 96 x 0
4 97 u 0
4 98 h 0
4 99 y 0
5 0 b 0
5 1 j 0
5 2 k 0
5 3 d 0
5 4 m 0
5 5 j 0
5 6 b 0
5 7 j 0
5 8 h 0
5 9 w 0
5 10 n 0
5 11 a 0
5 12 h 0
5 13 q 0
5 14 r 0
5 15 q 0
5 16 a 0
5 17 g 0
5 18 m 0
5 19 a 0
5 20 y 0
5 21 q 0
5 22 f 0
5 23 u 0
5 24 u 0
5 25 i 0
5 26 y 0
5 27 c 0
5 28 m 0
5 29 j 0
5 30 m 0
5 31 n 0
5 32 d 0
5 33 h 0
5 34 d 0
5 35 l 0
5 36 b 0
5 37 q 0
5 38 b 0
5 39 z 0
5 40 z 0
5 41 y 0
5 42 q 0
5 43 f 0
5 44 a 0
5 45 r 0
5 46 v 0
5 47 a 0
5 48 r 0
5 49 j 0
5 50 u 0
5 51 f 0
5 52 t 0
5 53 e 0
5 54 a 0
5 55 z 0
5 56 c 0
5 57 j 0
5 58 k 0
5 59 c 0
5 60 j 0
5 61 w 0
5 62 m 0
5 63 d 0
5 64 c 0
5 65 d 0
5 66 k 0
5 67 p 0
5 68 i 0
5 69 t 0
5 70 a 0
5 71 y 0
5 72 s 0
5 73 r 0
5 74 l 0
5 75 t 0
5 76 m 0
5 77 g 0
5 78 l 0
5 79 a 0
5 80 e 0
5 81 d 0
5 82 y 0
5 83 y 0
5 84 q 0
5 85 f 0
5 86 s 0
5 87 f 0
5 88 h 0
5 89 w 0
5 90 q 0
5 91 k 0
5 92 q 0
5 93 b 0
5 94 l 0
5 95 v 0
5 96 d 0
5 97 c 0
5 98 r 0
5 99 h 0
6 0 m 0
6 1 j 0
6 2 i 0
6 3 r 0
6 4 u 0
6 5 x 0
6 6 u 0
6 7 g 0
6 8 l 0
6 9 m 0
6 10 v 0
6 11 p 0
6 12 x 0
6 13 u 0
6 14 q 0
6 15 m 0
6 16 y 0
6 17 o 0
6 18 e 0
6 19 w 0
6 20 q 0
6 21 r 0
6 22 n 0
6 23 s 0
6 24 y 0
6 25 c 0
6 26 x 0
6 27 t 0
6 28 q 0
6 29 a 0
6 30 k 0
6 31 x 0
6 32 a 0
6 33 b 0
6 34 n 0
6 35 p 0
6 36 w 0
6 37 t 0
6 38 l 0
6 39 c 0
6 40 q 0
6 41 n 0
6 42 t 0
6 43 o 0
6 44 d 0
6 45 f 0
6 46 g 0
6 47 z 0
6 48 n 0
6 49 h 0
6 50 z 0
6 51 s 0
6 52 j 0
6 53 w 0
6 54 p 0
6 55 x 0
6 56 y 0
6 57 a 0
6 58 g 0
6 59 b 0
6 60 n 0
6 61 m 0
6 62 u 0
6 63 e 0
6 64 n 0
6 65 z 0
6 66 x 0
6 67 v 0
6 68 f 0
6 69 v 0
6 70 q 0
6 71 u 0
6 72 f 0
6 73 e 0
6 74 n 0
6 75 d 0
6 76 k 0
6 77 t 0
6 78 z 0
6 79 j 0
6 80 w 0
6 81 r 0
6 82 z 0
6 83 n 0
6 84 f 0
6 85 n 0
6 86 s 0
6 87 t 0
6 88 b 0
6 89 p 0
6 90 l 0
6 91 e 0
6 92 c 0
6 93 g 0
6 94 c 0
6 95 z 0
6 96 b 0
6 97 e 0
6 98 l 0
6 99 y 0
7 0 q 0
7 1 i 0
7 2 c 0
7 3 u 0
7 4 o 0
7 5 j 0
7 6 o 0
7 7 f 0
7 8 r 0
7 9 x 0
7 10 b 0
7 11 o 0
7 12 d 0
7 13 e 0
7 14 s 0
7 15 k 0
7 16 u 0
7 17 j 0
7 18 a 0
7 19 c 0
7 20 r 0
7 21 o 0
7 22 p 0
7 23 o 0
7 24 y 0
7 25 j 0
7 26 n 0
7 27 a 0
7 28 u 0
7 29 t 0
7 30 w 0
7 31 n 0
7 32 c 0
7 33 c 0
7 34 o 0
7 35 b 0
7 36 b 0
7 37 m 0
7 38 v 0
7 39 x 0
7 40 z 0
7 41 m 0
7 42 m 0
7 43 y 0
7 44 d 0
7 45 r 0
7 46 v 0
7 47 g 0
7 48 i 0
7 49 j 0
7 50 c 0
7 51 p 0
7 52 w 0
7 53 j 0
7 54 g 0
7 55 g 0
7 56 g 0
7 57 d 0
7 58 h 0
7 59 a 0
7 60 q 0
7 61 r 0
7 62 t 0
7 63 c 0
7 64 i 0
7 65 l 0
7 66 i 0
7 67 m 0
7 68 n 0
7 69 r 0
7 70 f 0
7 71 o 0
7 72 p 0
7 73 m 0
7 74 y 0
7 75 j 0
7 76 d 0
7 77 j 0
7 78 v 0
7 79 d 0
7 80 b 0
7 81 y 0
7 82 a 0
7 83 g 0
7 84 h 0
7 85 y 0
7 86 c 0
7 87 m 0
7 88 w 0
7 89 e 0
7 90 h 0
7 91 j 0
7 92 z 0
7 93 j 0
7 94 c 0
7 95 r 0
7 96 m 0
7 97 n 0
7 98 g 0
7 99 x 0
8 0 b 0
8 1 v 0
8 2 q 0
8 3 b 0
8 4 t 0
8 5 c 0
8 6 t 0
8 7 d 0
8 8 n 0
8 9 n 0
8 10 w 0
8 11 p 0
8 12 i 0
8 13 e 0
8 14 c 0
8 15 q 0
8 16 v 0
8 17 h 0
8 18 y 0
8 19 q 0
8 20 i 0
8 21 m 0
8 22 a 0
8 23 k 0
8 24 f 0
8 25 f 0
8 26 t 0
8 27 j 0
8 28 e 0
8 29 a 0
8 30 a 0
8 31 j 0
8 32 n 0
8 33 t 0
8 34 b 0
8 35 q 0
8 36 a 0
8 37 v 0
8 38 o 0
8 39 e 0
8 40 k 0
8 41 x 0
8 42 y 0
8 43 h 0
8 44 u 0
8 45 o 0
8 46 q 0
8 47 d 0
8 48 y 0
8 49 g 0
8 50 f 0
8 51 s 0
8 52 x 0
8 53 w 0
8 54 f 0
8 55 u 0
8 56 x 0
8 57 j 0
8 58 e 0
8 59 b 0
8 60 g 0
8 61 h 0
8 62 z 0
8 63 x 0
8 64 c 0
8 65 a 0
8 66 y 0
8 67 h 0
8 68 w 0
8 69 i 0
8 70 e 0
8 71 e 0
8 72 o 0
8 73 u 0
8 74 u 0
8 75 r 0
8 76 t 0
8 77 j 0
8 78 u 0
8 79 i 0
8 80 q 0
8 81 f 0
8 82 g 0
8 83 b 0
8 84 z 0
8 85 s 0
8 86 n 0
8 87 w 0
8 88 a 0
8 89 k 0
8 90 i 0
8 91 c 0
8 92 h 0
8 93 z 0
8 94 z 0
8 95 w 0
8 96 o 0
8 97 p 0
8 98 t 0
8 99 v 0
9 0 h 0
9 1 s 0
9 2 c 0
9 3 e 0
9 4 e 0
9 5 v 0
9 6 b 0
9 7 x 0
9 8 u 0
9 9 u 0
9 10 j 0
9 11 k 0
9 12 p 0
9 13 e 0
9 14 c 0
9 15 z 0
9 16 n 0
9 17 d 0
9 18 l 0
9 19 x 0
9 20 x 0
9 21 q 0
9 22 q 0
9 23 b 0
9 24 q 0
9 25 q 0
9 26 n 0
9 27 x 0
9 28 g 0
9 29 x 0
9 30 b 0
9 31 y 0
9 32 n 0
9 33 c 0
9 34 q 0
9 35 s 0
9 36 a 0
9 37 a 0
9 38 t 0
9 39 c 0
9 40 p 0
9 41 w 0
9 42 k 0
9 43 h 0
9 44 k 0
9 45 h 0
9 46 j 0
9 47 m 0
9 48 s 0
9 49 q 0
9 50 k 0
9 51 s 0
9 52 f 0
9 53 c 0
9 54 x 0
9 55 h 0
9 56 j 0
9 57 a 0
9 58 x 0
9 59 r 0
9 60 v 0
9 61 y 0
9 62 y 0
9 63 g 0
9 64 s 0
9 65 j 0
9 66 v 0
9 67 m 0
9 68 y 0
9 69 n 0
9 70 q 0
9 71 h 0
9 72 m 0
9 73 a 0
9 74 w 0
9 75 h 0
9 76 a 0
9 77 q 0
9 78 l 0
9 79 y 0
9 80 f 0
9 81 b 0
9 82 b 0
9 83 h 0
9 84 h 0
9 85 k 0
9 86 l 0
9 87 j 0
9 88 e 0
9 89 g 0
9 90 k 0
9 91 r 0
9 92 n 0
9 93 f 0
9 94 s 0
9 95 x 0
9 96 b 0
9 97 y 0
9 98 w 0
9 99 y 0
10 0 c 0
10 1 w 0
10 2 o 0
10 3 t 0
10 4 h 0
10 5 u 0
10 6 b 0
10 7 v 0
10 8 n 0
10 9 p 0
10 10 c 0
10 11 v 0
10 12 f 0
10 13 x 0
10 14 z 0
10 15 x 0
10 16 o 0
10 17 n 0
10 18 z 0
10 19 s 0
10 20 q 0
10 21 a 0
10 22 e 0
10 23 f 0
10 24 u 0
10 25 k 0
10 26 d 0
10 27 k 0
10 28 h 0
10 29 g 0
10 30 h 0
10 31 e 0
10 32 p 0
10 33 b 0
10 34 c 0
10 35 v 0
10 36 m 0
10 37 n 0
10 38 z 0
10 39 v 0
10 40 g 0
10 41 v 0
10 42 c 0
10 43 s 0
10 44 v 0
10 45 m 0
10 46 f 0
10 47 z 0
10 48 d 0
10 49 f 0
10 50 r 0
10 51 x 0
10 52 f 0
10 53 c 0
10 54 w 0
10 55 i 0
10 56 c 1
10 57 a 1
10 58 s 1
10 59 a 1
10 60 q 0
10 61 u 0
10 62 v 0
10 63 p 0
10 64 w 0
10 65 z 0
10 66 i 0
10 67 j 0
10 68 a 0
10 69 d 0
10 70 l 0
10 71 f 0
10 72 i 0
10 73 q 0
10 74 q 0
10 75 v 0
10 76 t 0
10 77 z 0
10 78 e 0
10 79 d 0
10 80 i 0
10 81 k 0
10 82 p 0
10 83 u 0
10 84 x 0
10 85 o 0
10 86 b 0
10 87 m 0
10 88 k 0
10 89 z 0
10 90 o 0
10 91 u 0
10 92 d 0
10 93 e 0
10 94 w 0
10 95 s 0
10 96 m 0
10 97 x 0
10 98 s 0
10 99 l 0
11 0 d 0
11 1 m 0
11 2 e 0
11 3 o 0
11 4 z 0
11 5 d 0
11 6 q 0
11 7 t 0
11 8 y 0
11 9 y 0
11 10 k 0
11 11 x 0
11 12 z 0
11 13 g 0
11 14 y 0
11 15 u 0
11 16 j 0
11 17 a 0
11 18 i 0
11 19 w 0
11 20 g 0
11 21 w 0
11 22 l 0
11 23 u 0
11 24 t 0
11 25 k 0
11 26 x 0
11 27 i 0
11 28 d 0
11 29 p 0
11 30 s 0
11 31 e 0
11 32 j 0
11 33 x 0
11 34 v 0
11 35 t 0
11 36 i 0
11 37 u 0
11 38 o 0
11 39 j 0
11 40 e 0
11 41 b 0
11 42 b 0
11 43 x 0
11 44 l 0
11 45 x 0
11 46 a 0
11 47 q 0
11 48 h 0
11 49 b 0
11 50 w 0
11 51 g 0
11 52 k 0
11 53 f 0
11 54 k 0
11 55 s 0
11 56 y 0
11 57 b 0
11 58 p 0
11 59 y 0
11 60 p 0
11 61 f 0
11 62 u 0
11 63 t 0
11 64 x 0
11 65 o 0
11 66 g 0
11 67 v 0
11 68 n 0
11 69 i 0
11 70 q 0
11 71 k 0
11 72 a 0
11 73 s 0
11 74 n 0
11 75 g 0
11 76 k 0
11 77 r 0
11 78 y 0
11 79 d 0
11 80 b 0
11 81 a 0
11 82 c 0
11 83 d 0
11 84 a 0
11 85 t 0
11 86 q 0
11 87 p 0
11 88 j 0
11 89 b 0
11 90 r 0
11 91 e 0
11 92 q 0
11 93 r 0
11 94 f 0
11 95 h 0
11 96 m 0
11 97 c 0
11 98 r 0
11 99 q 0
12 0 a 0
12 1 d 0
12 2 n 0
12 3 k 0
12 4 r 0
12 5 j 0
12 6 c 0
12 7 n 0
12 8 f 0
12 9 c 0
12 10 d 0
12 11 f 0
12 12 w 0
12 13 r 0
12 14 b 0
12 15 v 0
12 16 d 0
12 17 y 0
12 18 f 0
12 19 k 0
12 20 w 0
12 21 i 0
12 22 o 0
12 23 g 0
12 24 o 0
12 25 v 0
12 26 q 0
12 27 x 0
12 28 m 0
12 29 d 0
12 30 l 0
12 31 l 0
12 32 f 0
12 33 d 0
12 34 d 0
12 35 d 0
12 36 c 0
12 37 u 0
12 38 m 0
12 39 m 0
12 40 m 0
12 41 q 0
12 42 r 0
12 43 h 0
12 44 q 0
12 45 m 0
12 46 v 0
12 47 c 0
12 48 z 0
12 49 b 0
12 50 r 0
12 51 w 0
12 52 a 0
12 53 y 0
12 54 c 0
12 55 w 0
12 56 l 0
12 57 v 0
12 58 l 0
12 59 h 0
12 60 e 0
12 61 m 0
12 62 g 1
12 63 t 0
12 64 w 0
12 65 v 0
12 66 r 0
12 67 p 0
12 68 k 0
12 69 f 0
12 70 k 0
12 71 o 0
12 72 c 0
12 73 d 0
12 74 l 0
12 75 h 0
12 76 a 0
12 77 f 0
12 78 d 0
12 79 t 0
12 80 u 0
12 81 g 0
12 82 w 0
12 83 z 0
12 84 r 0
12 85 z 0
12 86 c 0
12 87 a 0
12 88 h 0
12 89 n 0
12 90 g 0
12 91 o 0
12 92 d 0
12 93 d 0
12 94 q 0
12 95 r 0
12 96 d 0
12 97 h 0
12 98 i 0
12 99 h 0
13 0 r 0
13 1 k 0
13 2 d 0
13 3 y 0
13 4 i 0
13 5 s 0
13 6 w 0
13 7 u 0
13 8 d 0
13 9 f 0
13 10 m 0
13 11 g 0
13 12 s 0
13 13 u 0
13 14 n 0
13 15 t 0
13 16 j 0
13 17 w 0
13 18 k 0
13 19 q 0
13 20 d 0
13 21 x 0
13 22 f 0
13 23 j 0
13 24 z 0
13 25 n 0
13 26 q 0
13 27 d 0
13 28 x 0
13 29 m 0
13 30 i 0
13 31 t 0
13 32 e 0
13 33 x 0
13 34 e 0
13 35 w 0
13 36 o 0
13 37 v 0
13 38 e 0
13 39 w 0
13 40 j 0
13 41 x 0
13 42 z 0
13 43 n 0
13 44 p 0
13 45 s 0
13 46 s 0
13 47 p 0
13 48 t 0
13 49 b 0
13 50 x 0
13 51 z 0
13 52 l 0
13 53 d 0
13 54 a 0
13 55 d 0
13 56 i 0
13 57 q 0
13 58 e 0
13 59 r 0
13 60 d 0
13 61 v 0
13 62 a 1
13 63 u 0
13 64 t 0
13 65 c 0
13 66 b 0
13 67 v 0
13 68 a 0
13 69 j 0
13 70 y 0
13 71 l 0
13 72 c 0
13 73 c 0
13 74 b 0
13 75 v 0
13 76 o 0
13 77 g 0
13 78 v 0
13 79 z 0
13 80 w 0
13 81 j 0
13 82 c 0
13 83 i 0
13 84 s 0
13 85 o 0
13 86 l 0
13 87 p 0
13 88 z 0
13 89 v 0
13 90 i 0
13 91 v 0
13 92 p 0
13 93 i 0
13 94 e 0
13 95 e 0
13 96 t 0
13 97 y 0
13 98 g 0
13 99 s 0
14 0 z 0
14 1 q 0
14 2 t 0
14 3 x 0
14 4 i 0
14 5 u 0
14 6 i 0
14 7 n 0
14 8 z 0
14 9 g 0
14 10 e 0
14 11 v 0
14 12 w 0
14 13 j 0
14 14 v 0
14 15 q 0
14 16 f 0
14 17 p 0
14 18 t 0
14 19 w 0
14 20 r 0
14 21 e 0
14 22 r 0
14 23 t 0
14 24 q 0
14 25 x 0
14 26 s 0
14 27 b 0
14 28 k 0
14 29 y 0
14 30 e 0
14 31 z 0
14 32 r 0
14 33 e 0
14 34 q 0
14 35 l 0
14 36 q 0
14 37 j 0
14 38 q 0
14 39 j 0
14 40 a 0
14 41 o 0
14 42 k 0
14 43 t 0
14 44 k 0
14 45 m 0
14 46 n 0
14 47 i 0
14 48 p 0
14 49 t 0
14 50 y 0
14 51 z 0
14 52 t 0
14 53 d 0
14 54 u 0
14 55 w 0
14 56 x 0
14 57 a 0
14 58 t 0
14 59 k 0
14 60 r 0
14 61 k 0
14 62 t 1
14 63 v 0
14 64 w 0
14 65 c 0
14 66 k 0
14 67 b 0
14 68 y 0
14 69 k 0
14 70 k 0
14 71 y 0
14 72 q 0
14 73 s 0
14 74 l 0
14 75 g 0
14 76 b 0
14 77 c 0
14 78 q 0
14 79 h 0
14 80 n 0
14 81 j 0
14 82 b 0
14 83 n 0
14 84 p 0
14 85 x 0
14 86 c 0
14 87 m 0
14 88 s 0
14 89 y 0
14 90 j 0
14 91 h 0
14 92 h 0
14 93 n 0
14 94 m 0
14 95 e 0
14 96 i 0
14 97 y 0
14 98 h 0
14 99 e 0
15 0 o 0
15 1 t 0
15 2 o 0
15 3 h 0
15 4 c 0
15 5 y 0
15 6 v 0
15 7 n 0
15 8 r 0
15 9 c 0
15 10 o 0
15 11 i 0
15 12 y 0
15 13 i 0
15 14 q 0
15 15 v 0
15 16 t 0
15 17 n 0
15 18 m 0
15 19 g 0
15 20 y 0
15 21 z 0
15 22 s 0
15 23 f 0
15 24 h 0
15 25 u 0
15 26 g 0
15 27 x 0
15 28 y 0
15 29 l 0
15 30 v 0
15 31 a 0
15 32 m 0
15 33 z 0
15 34 j 0
15 35 u 0
15 36 l 0
15 37 v 0
15 38 l 0
15 39 q 0
15 40 o 0
15 41 r 0
15 42 j 0
15 43 d 0
15 44 u 0
15 45 m 0
15 46 t 0
15 47 u 0
15 48 f 0
15 49 r 0
15 50 g 0
15 51 z 0
15 52 v 0
15 53 q 0
15 54 c 0
15 55 m 0
15 56 r 0
15 57 l 0
15 58 g 0
15 59 d 0
15 60 i 0
15 61 y 0
15 62 o 1
15 63 i 0
15 64 h 0
15 65 w 0
15 66 z 0
15 67 g 0
15 68 h 0
15 69 a 0
15 70 t 0
15 71 f 0
15 72 t 0
15 73 c 0
15 74 b 0
15 75 i 0
15 76 f 0
15 77 t 0
15 78 d 0
15 79 w 0
15 80 u 0
15 81 q 0
15 82 m 0
15 83 d 0
15 84 z 0
15 85 n 0
15 86 b 0
15 87 r 0
15 88 p 0
15 89 q 0
15 90 y 0
15 91 r 0
15 92 b 0
15 93 f 0
15 94 a 0
15 95 r 0
15 96 p 0
15 97 f 0
15 98 l 0
15 99 u 0
16 0 w 0
16 1 b 0
16 2 m 0
16 3 o 0
16 4 f 0
16 5 i 0
16 6 r 0
16 7 e 0
16 8 h 0
16 9 u 0
16 10 u 0
16 11 c 0
16 12 b 0
16 13 g 0
16 14 q 0
16 15 n 0
16 16 q 0
16 17 b 0
16 18 o 0
16 19 x 0
16 20 g 0
16 21 q 0
16 22 o 0
16 23 i 0
16 24 m 0
16 25 q 0
16 26 k 0
16 27 j 0
16 28 n 0
16 29 d 0
16 30 q 0
16 31 i 0
16 32 r 0
16 33 r 0
16 34 y 0
16 35 d 0
16 36 i 0
16 37 a 0
16 38 f 0
16 39 d 0
16 40 j 0
16 41 q 0
16 42 u 0
16 43 c 0
16 44 z 0
16 45 h 0
16 46 f 0
16 47 u 0
16 48 q 0
16 49 h 0
16 50 c 0
16 51 l 0
16 52 r 0
16 53 j 0
16 54 b 0
16 55 i 0
16 56 b 0
16 57 a 0
16 58 v 0
16 59 c 0
16 60 z 0
16 61 s 0
16 62 m 0
16 63 d 0
16 64 e 0
16 65 c 0
16 66 q 0
16 67 k 0
16 68 j 0
16 69 q 0
16 70 h 0
16 71 x 0
16 72 v 0
16 73 t 0
16 74 d 0
16 75 o 0
16 76 o 0
16 77 p 0
16 78 t 0
16 79 v 0
16 80 x 0
16 81 s 0
16 82 v 0
16 83 g 0
16 84 q 0
16 85 a 0
16 86 e 0
16 87 j 0
16 88 m 0
16 89 n 0
16 90 l 0
16 91 o 0
16 92 v 0
16 93 a 0
16 94 q 0
16 95 o 0
16 96 z 0
16 97 e 0
16 98 k 0
16 99 t 0
17 0 k 0
17 1 x 0
17 2 f 0
17 3 a 0
17 4 s 0
17 5 b 0
17 6 f 0
17 7 s 0
17 8 b 0
17 9 q 0
17 10 u 0
17 11 e 0
17 12 g 0
17 13 s 0
17 14 c 0
17 15 x 0
17 16 t 0
17 17 i 0
17 18 i 0
17 19 y 0
17 20 x 0
17 21 k 0
17 22 t 0
17 23 u 0
17 24 g 0
17 25 m 0
17 26 h 0
17 27 m 0
17 28 w 0
17 29 x 0
17 30 v 0
17 31 z 0
17 32 n 0
17 33 z 0
17 34 s 0
17 35 s 0
17 36 v 0
17 37 h 0
17 38 t 0
17 39 j 0
17 40 y 0
17 41 u 0
17 42 h 0
17 43 c 0
17 44 j 0
17 45 v 0
17 46 i 0
17 47 d 0
17 48 h 0
17 49 v 0
17 50 m 0
17 51 y 0
17 52 b 0
17 53 u 0
17 54 n 0
17 55 i 0
17 56 t 0
17 57 q 0
17 58 q 0
17 59 x 0
17 60 a 0
17 61 z 0
17 62 b 0
17 63 u 0
17 64 i 0
17 65 q 0
17 66 w 0
17 67 h 0
17 68 s 0
17 69 v 0
17 70 g 0
17 71 t 0
17 72 v 0
17 73 n 0
17 74 w 0
17 75 k 0
17 76 r 0
17 77 l 0
17 78 w 0
17 79 p 0
17 80 d 0
17 81 c 0
17 82 u 0
17 83 e 0
17 84 i 0
17 85 g 0
17 86 b 0
17 87 b 0
17 88 a 0
17 89 r 0
17 90 b 0
17 91 h 0
17 92 a 0
17 93 q 0
17 94 u 0
17 95 t 0
17 96 e 0
17 97 e 0
17 98 x 0
17 99 w 0
18 0 k 0
18 1 i 0
18 2 g 0
18 3 c 0
18 4 k 0
18 5 y 0
18 6 x 0
18 7 l 0
18 8 a 0
18 9 u 0
18 10 z 0
18 11 t 0
18 12 f 0
18 13 k 0
18 14 q 0
18 15 b 0
18 16 w 0
18 17 t 0
18 18 k 0
18 19 a 0
18 20 r 0
18 21 v 0
18 22 q 0
18 23 q 0
18 24 y 0
18 25 s 0
18 26 v 0
18 27 i 0
18 28 x 0
18 29 u 0
18 30 w 0
18 31 n 0
18 32 y 0
18 33 g 0
18 34 t 0
18 35 g 0
18 36 n 0
18 37 m 0
18 38 x 0
18 39 h 0
18 40 j 0
18 41 o 0
18 42 l 0
18 43 t 0
18 44 z 0
18 45 o 0
18 46 q 0
18 47 j 0
18 48 w 0
18 49 c 0
18 50 f 0
18 51 k 0
18 52 u 0
18 53 i 0
18 54 r 0
18 55 g 0
18 56 v 0
18 57 x 0
18 58 r 0
18 59 s 0
18 60 a 0
18 61 i 0
18 62 x 0
18 63 e 0
18 64 b 0
18 65 a 0
18 66 s 0
18 67 f 0
18 68 u 0
18 69 c 0
18 70 p 0
18 71 h 0
18 72 y 0
18 73 e 0
18 74 e 0
18 75 y 0
18 76 c 0
18 77 o 0
18 78 k 0
18 79 g 0
18 80 a 0
18 81 d 0
18 82 w 0
18 83 v 0
18 84 r 0
18 85 n 0
18 86 s 0
18 87 m 0
18 88 q 0
18 89 a 0
18 90 j 0
18 91 f 0
18 92 s 0
18 93 t 0
18 94 a 0
18 95 w 0
18 96 v 0
18 97 k 0
18 98 t 0
18 99 z 0
19 0 y 0
19 1 x 0
19 2 d 0
19 3 h 0
19 4 p 0
19 5 e 0
19 6 j 0
19 7 s 0
19 8 s 0
19 9 n 0
19 10 h 0
19 11 c 0
19 12 y 0
19 13 m 0
19 14 c 0
19 15 s 0
19 16 k 0
19 17 o 0
19 18 s 0
19 19 z 0
19 20 x 0
19 21 l 0
19 22 i 0
19 23 b 0
19 24 e 0
19 25 z 0
19 26 i 0
19 27 t 0
19 28 z 0
19 29 k 0
19 30 c 0
19 31 i 0
19 32 u 0
19 33 b 0
19 34 m 0
19 35 a 0
19 36 j 0
19 37 v 0
19 38 z 0
19 39 g 0
19 40 o 0
19 41 w 0
19 42 t 0
19 43 c 0
19 44 h 0
19 45 d 0
19 46 n 0
19 47 u 0
19 48 h 0
19 49 n 0
19 50 a 0
19 51 e 0
19 52 l 0
19 53 j 0
19 54 g 0
19 55 j 0
19 56 b 0
19 57 x 0
19 58 j 0
19 59 d 0
19 60 b 0
19 61 g 0
19 62 m 0
19 63 c 0
19 64 q 0
19 65 y 0
19 66 f 0
19 67 k 0
19 68 j 0
19 69 g 0
19 70 g 0
19 71 w 0
19 72 p 0
19 73 i 0
19 74 s 0
19 75 k 0
19 76 t 0
19 77 y 0
19 78 x 0
19 79 n 0
19 80 u 0
19 81 l 0
19 82 m 0
19 83 p 0
19 84 c 0
19 85 b 0
19 86 g 0
19 87 v 0
19 88 p 0
19 89 j 0
19 90 p 0
19 91 a 0
19 92 k 0
19 93 h 0
19 94 i 0
19 95 p 0
19 96 m 0
19 97 w 0
19 98 k 0
19 99 g 0
20 0 h 0
20 1 m 0
20 2 w 0
20 3 w 0
20 4 g 0
20 5 b 0
20 6 u 0
20 7 p 0
20 8 j 0
20 9 u 0
20 10 y 0
20 11 m 0
20 12 l 0
20 13 v 0
20 14 j 0
20 15 l 0
20 16 b 0
20 17 r 0
20 18 s 0
20 19 n 0
20 20 k 0
20 21 f 0
20 22 k 0
20 23 j 0
20 24 t 0
20 25 c 0
20 26 h 0
20 27 w 0
20 28 q 0
20 29 d 0
20 30 q 0
20 31 c 0
20 32 q 0
20 33 p 0
20 34 e 0
20 35 u 0
20 36 j 0
20 37 v 0
20 38 l 0
20 39 v 0
20 40 f 0
20 41 z 0
20 42 z 0
20 43 m 0
20 44 w 0
20 45 i 0
20 46 b 0
20 47 c 0
20 48 p 0
20 49 i 0
20 50 q 0
20 51 v 0
20 52 y 0
20 53 z 0
20 54 e 0
20 55 z 0
20 56 d 0
20 57 p 0
20 58 v 0
20 59 r 0
20 60 b 0
20 61 b 0
20 62 w 0
20 63 o 0
20 64 v 0
20 65 c 0
20 66 e 0
20 67 y 0
20 68 u 0
20 69 a 0
20 70 w 0
20 71 y 0
20 72 p 0
20 73 h 0
20 74 j 0
20 75 k 0
20 76 u 0
20 77 g 0
20 78 u 0
20 79 w 0
20 80 d 0
20 81 q 0
20 82 r 0
20 83 r 0
20 84 t 0
20 85 i 0
20 86 f 0
20 87 l 0
20 88 x 0
20 89 r 0
20 90 b 0
20 91 v 0
20 92 w 0
20 93 a 0
20 94 z 0
20 95 s 0
20 96 d 0
20 97 p 0
20 98 a 0
20 99 l 0
21 0 i 0
21 1 v 0
21 2 d 0
21 3 d 0
21 4 g 0
21 5 m 0
21 6 j 0
21 7 l 0
21 8 e 0
21 9 b 0
21 10 v 0
21 11 k 0
21 12 q 0
21 13 r 0
21 14 i 0
21 15 q 0
21 16 a 0
21 17 a 0
21 18 f 0
21 19 t 0
21 20 f 0
21 21 b 0
21 22 t 0
21 23 c 0
21 24 y 0
21 25 i 0
21 26 b 0
21 27 c 0
21 28 n 0
21 29 n 0
21 30 e 0
21 31 c 0
21 32 n 0
21 33 f 0
21 34 p 0
21 35 n 0
21 36 o 0
21 37 u 0
21 38 z 0
21 39 z 0
21 40 e 0
21 41 h 0
21 42 n 0
21 43 i 0
21 44 s 0
21 45 h 0
21 46 v 0
21 47 v 0
21 48 y 0
21 49 f 0
21 50 g 0
21 51 h 0
21 52 y 0
21 53 d 0
21 54 b 0
21 55 u 0
21 56 r 0
21 57 y 0
21 58 p 0
21 59 g 0
21 60 t 0
21 61 u 0
21 62 f 0
21 63 k 0
21 64 i 0
21 65 f 0
21 66 x 0
21 67 u 0
21 68 k 0
21 69 a 0
21 70 k 0
21 71 m 0
21 72 d 0
21 73 z 0
21 74 p 0
21 75 k 0
21 76 q 0
21 77 t 0
21 78 a 0
21 79 y 0
21 80 v 0
21 81 n 0
21 82 g 0
21 83 z 0
21 84 p 0
21 85 c 0
21 86 y 0
21 87 l 0
21 88 w 0
21 89 o 0
21 90 m 0
21 91 r 0
21 92 g 0
21 93 k 0
21 94 a 0
21 95 m 0
21 96 j 0
21 97 p 0
21 98 q 0
21 99 d 0
22 0 d 0
22 1 t 0
22 2 w 0
22 3 v 0
22 4 k 0
22 5 w 0
22 6 j 0
22 7 w 0
22 8 u 0
22 9 l 0
22 10 h 0
22 11 b 0
22 12 v 0
22 13 z 0
22 14 t 0
22 15 z 0
22 16 p 0
22 17 a 0
22 18 x 0
22 19 n 0
22 20 h 0
22 21 h 0
22 22 x 0
22 23 l 0
22 24 y 0
22 25 x 0
22 26 a 0
22 27 q 0
22 28 s 0
22 29 f 0
22 30 q 0
22 31 o 0
22 32 w 0
22 33 h 0
22 34 x 0
22 35 g 0
22 36 o 0
22 37 v 0
22 38 k 0
22 39 j 0
22 40 y 0
22 41 p 0
22 42 l 0
22 43 u 0
22 44 u 0
22 45 d 0
22 46 x 0
22 47 y 0
22 48 f 0
22 49 n 0
22 50 t 0
22 51 x 0
22 52 a 0
22 53 u 0
22 54 b 0
22 55 m 0
22 56 z 0
22 57 j 0
22 58 k 0
22 59 s 0
22 60 s 0
22 61 h 0
22 62 p 0
22 63 e 0
22 64 t 0
22 65 j 0
22 66 i 0
22 67 s 0
22 68 g 0
22 69 r 0
22 70 o 0
22 71 p 0
22 72 m 0
22 73 r 0
22 74 d 0
22 75 u 0
22 76 b 0
22 77 e 0
22 78 z 0
22 79 e 0
22 80 e 0
22 81 a 0
22 82 p 0
22 83 q 0
22 84 i 0
22 85 o 0
22 86 y 0
22 87 h 0
22 88 e 0
22 89 u 0
22 90 r 0
22 91 d 0
22 92 h 0
22 93 e 0
22 94 f 0
22 95 g 0
22 96 s 0
22 97 m 0
22 98 p 0
22 99 h 0
23 0 d 0
23 1 r 0
23 2 f 0
23 3 m 0
23 4 b 0
23 5 s 0
23 6 d 0
23 7 u 0
23 8 y 0
23 9 m 0
23 10 g 0
23 11 l 0
23 12 j 0
23 13 g 0
23 14 l 0
23 15 k 0
23 16 r 0
23 17 i 0
23 18 t 0
23 19 a 0
23 20 i 0
23 21 w 0
23 22 i 0
23 23 v 0
23 24 e 0
23 25 m 0
23 26 a 0
23 27 q 0
23 28 w 0
23 29 t 0
23 30 a 0
23 31 z 0
23 32 b 0
23 33 z 0
23 34 c 0
23 35 f 0
23 36 m 0
23 37 s 0
23 38 b 0
23 39 c 0
23 40 w 0
23 41 m 0
23 42 u 0
23 43 p 0
23 44 t 0
23 45 v 0
23 46 p 0
23 47 j 0
23 48 i 0
23 49 m 0
23 50 t 0
23 51 x 0
23 52 u 0
23 53 h 0
23 54 m 0
23 55 p 0
23 56 n 0
23 57 e 0
23 58 a 0
23 59 r 0
23 60 w 0
23 61 l 0
23 62 n 0
23 63 e 0
23 64 h 0
23 65 e 0
23 66 o 0
23 67 v 0
23 68 k 0
23 69 u 0
23 70 s 0
23 71 s 0
23 72 r 0
23 73 v 0
23 74 e 0
23 75 y 0
23 76 j 0
23 77 e 0
23 78 c 0
23 79 c 0
23 80 v 0
23 81 g 0
23 82 i 0
23 83 a 0
23 84 f 0
23 85 y 0
23 86 h 0
23 87 s 0
23 88 x 0
23 89 u 0
23 90 d 0
23 91 m 0
23 92 f 0
23 93 q 0
23 94 f 0
23 95 t 0
23 96 k 0
23 97 j 0
23 98 c 0
23 99 z 0
24 0 q 0
24 1 r 0
24 2 c 0
24 3 x 0
24 4 b 0
24 5 i 0
24 6 d 0
24 7 i 0
24 8 g 0
24 9 o 0
24 10 v 0
24 11 j 0
24 12 z 0
24 13 f 0
24 14 v 0
24 15 g 0
24 16 i 0
24 17 b 0
24 18 g 0
24 19 i 0
24 20 c 0
24 21 c 0
24 22 p 0
24 23 l 0
24 24 p 0
24 25 z 0
24 26 w 0
24 27 x 0
24 28 a 0
24 29 p 0
24 30 z 0
24 31 w 0
24 32 j 0
24 33 a 0
24 34 a 0
24 35 z 0
24 36 w 0
24 37 v 0
24 38 c 0
24 39 u 0
24 40 i 0
24 41 d 0
24 42 i 0
24 43 q 0
24 44 p 0
24 45 f 0
24 46 u 0
24 47 i 0
24 48 o 0
24 49 b 0
24 50 y 0
24 51 g 0
24 52 d 0
24 53 c 0
24 54 d 0
24 55 u 0
24 56 g 0
24 57 d 0
24 58 k 0
24 59 m 0
24 60 b 0
24 61 s 0
24 62 o 0
24 63 f 0
24 64 y 0
24 65 i 0
24 66 g 0
24 67 n 0
24 68 l 0
24 69 r 0
24 70 t 0
24 71 k 0
24 72 s 0
24 73 b 0
24 74 w 0
24 75 c 0
24 76 y 0
24 77 w 0
24 78 p 0
24 79 e 0
24 80 t 0
24 81 q 0
24 82 x 0
24 83 i 0
24 84 a 0
24 85 a 0
24 86 p 0
24 87 x 0
24 88 s 0
24 89 p 0
24 90 z 0
24 91 q 0
24 92 e 0
24 93 s 0
24 94 g 0
24 95 y 0
24 96 w 0
24 97 m 0
24 98 d 0
24 99 f 0
25 0 s 0
25 1 b 0
25 2 g 0
25 3 x 0
25 4 i 0
25 5 q 0
25 6 n 0
25 7 u 0
25 8 a 0
25 9 i 0
25 10 w 0
25 11 o 0
25 12 h 0
25 13 w 0
25 14 c 0
25 15 l 0
25 16 u 0
25 17 e 0
25 18 p 0
25 19 k 0
25 20 a 0
25 21 o 0
25 22 q 0
25 23 a 0
25 24 f 0
25 25 k 0
25 26 j 0
25 27 f 0
25 28 x 0
25 29 r 0
25 30 t 0
25 31 k 0
25 32 j 0
25 33 n 0
25 34 n 0
25 35 o 0
25 36 k 0
25 37 h 0
25 38 s 0
25 39 k 0
25 40 m 0
25 41 z 0
25 42 y 0
25 43 z 0
25 44 c 0
25 45 n 0
25 46 t 0
25 47 m 0
25 48 o 0
25 49 a 0
25 50 i 0
25 51 e 0
25 52 c 0
25 53 t 0
25 54 y 0
25 55 u 0
25 56 x 0
25 57 i 0
25 58 j 0
25 59 r 0
25 60 b 0
25 61 d 0
25 62 d 0
25 63 a 0
25 64 e 0
25 65 b 0
25 66 o 0
25 67 e 0
25 68 y 0
25 69 y 0
25 70 w 0
25 71 q 0
25 72 i 0
25 73 o 0
25 74 j 0
25 75 n 0
25 76 k 0
25 77 v 0
25 78 z 0
25 79 x 0
25 80 b 0
25 81 a 0
25 82 w 0
25 83 k 0
25 84 j 0
25 85 f 0
25 86 c 0
25 87 h 0
25 88 n 0
25 89 x 0
25 90 h 0
25 91 f 0
25 92 e 0
25 93 f 0
25 94 d 0
25 95 j 0
25 96 u 0
25 97 o 0
25 98 s 0
25 99 u 0
26 0 c 0
26 1 l 0
26 2 p 0
26 3 r 0
26 4 p 0
26 5 y 0
26 6 t 0
26 7 p 0
26 8 f 0
26 9 i 0
26 10 u 0
26 11 p 0
26 12 a 0
26 13 v 0
26 14 n 0
26 15 z 0
26 16 j 0
26 17 d 0
26 18 o 0
26 19 a 0
26 20 i 0
26 21 c 0
26 22 z 0
26 23 z 0
26 24 a 0
26 25 w 0
26 26 u 0
26 27 b 0
26 28 g 0
26 29 r 0
26 30 k 0
26 31 n 0
26 32 p 0
26 33 f 0
26 34 i 0
26 35 i 0
26 36 u 0
26 37 z 0
26 38 q 0
26 39 f 0
26 40 q 0
26 41 j 0
26 42 o 0
26 43 e 0
26 44 a 0
26 45 x 0
26 46 c 0
26 47 l 0
26 48 p 0
26 49 q 0
26 50 t 0
26 51 q 0
26 52 q 0
26 53 c 0
26 54 p 0
26 55 y 0
26 56 n 0
26 57 p 0
26 58 y 0
26 59 a 0
26 60 t 0
26 61 b 0
26 62 h 0
26 63 k 0
26 64 v 0
26 65 c 0
26 66 d 0
26 67 i 0
26 68 c 0
26 69 n 0
26 70 f 0
26 71 c 0
26 72 u 0
26 73 y 0
26 74 i 0
26 75 y 0
26 76 t 0
26 77 r 0
26 78 u 0
26 79 l 0
26 80 y 0
26 81 p 0
26 82 a 0
26 83 f 0
26 84 b 0
26 85 v 0
26 86 e 0
26 87 s 0
26 88 f 0
26 89 q 0
26 90 x 0
26 91 n 0
26 92 z 0
26 93 z 0
26 94 z 0
26 95 i 0
26 96 d 0
26 97 i 0
26 98 p 0
26 99 t 0
27 0 d 0
27 1 j 0
27 2 x 0
27 3 d 0
27 4 z 0
27 5 o 0
27 6 g 0
27 7 f 0
27 8 o 0
27 9 t 0
27 10 j 0
27 11 g 0
27 12 r 0
27 13 r 0
27 14 v 0
27 15 a 0
27 16 i 0
27 17 n 0
27 18 j 0
27 19 m 0
27 20 n 0
27 21 p 0
27 22 e 0
27 23 a 0
27 24 e 0
27 25 s 0
27 26 g 0
27 27 b 0
27 28 n 0
27 29 u 0
27 30 y 0
27 31 w 0
27 32 d 0
27 33 f 0
27 34 e 0
27 35 h 0
27 36 c 0
27 37 k 0
27 38 m 0
27 39 j 0
27 40 d 0
27 41 l 0
27 42 k 0
27 43 q 0
27 44 f 0
27 45 o 0
27 46 z 0
27 47 i 0
27 48 x 0
27 49 a 0
27 50 t 0
27 51 m 0
27 52 v 0
27 53 l 0
27 54 u 0
27 55 w 0
27 56 r 0
27 57 p 0
27 58 i 0
27 59 m 0
27 60 e 0
27 61 o 0
27 62 a 0
27 63 s 0
27 64 z 0
27 65 l 0
27 66 k 0
27 67 w 0
27 68 k 0
27 69 t 0
27 70 h 0
27 71 a 0
27 72 f 0
27 73 r 0
27 74 o 0
27 75 m 0
27 76 m 0
27 77 g 0
27 78 a 0
27 79 g 0
27 80 n 0
27 81 k 0
27 82 r 0
27 83 o 0
27 84 p 0
27 85 v 0
27 86 b 0
27 87 r 0
27 88 j 0
27 89 l 0
27 90 p 0
27 91 c 0
27 92 y 0
27 93 y 0
27 94 s 0
27 95 e 0
27 96 u 0
27 97 j 0
27 98 x 0
27 99 g 0
28 0 x 0
28 1 p 0
28 2 i 0
28 3 r 0
28 4 z 0
28 5 y 0
28 6 e 0
28 7 x 0
28 8 u 0
28 9 n 0
28 10 b 0
28 11 t 0
28 12 v 0
28 13 f 0
28 14 b 0
28 15 m 0
28 16 m 0
28 17 e 0
28 18 x 0
28 19 e 0
28 20 h 0
28 21 j 0
28 22 q 0
28 23 m 0
28 24 s 0
28 25 q 0
28 26 a 0
28 27 f 0
28 28 j 0
28 29 m 0
28 30 d 0
28 31 y 0
28 32 j 0
28 33 e 0
28 34 w 0
28 35 b 0
28 36 z 0
28 37 y 0
28 38 n 0
28 39 j 0
28 40 a 0
28 41 r 0
28 42 f 0
28 43 s 0
28 44 s 0
28 45 f 0
28 46 z 0
28 47 v 0
28 48 x 0
28 49 p 0
28 50 e 0
28 51 a 0
28 52 g 0
28 53 e 0
28 54 o 0
28 55 s 0
28 56 w 0
28 57 v 0
28 58 e 0
28 59 p 0
28 60 y 0
28 61 f 0
28 62 d 0
28 63 d 0
28 64 e 0
28 65 z 0
28 66 j 0
28 67 j 0
28 68 q 0
28 69 i 0
28 70 s 0
28 71 i 0
28 72 k 0
28 73 s 0
28 74 h 0
28 75 v 0
28 76 a 0
28 77 a 0
28 78 a 0
28 79 f 0
28 80 t 0
28 81 d 0
28 82 a 0
28 83 t 0
28 84 b 0
28 85 y 0
28 86 z 0
28 87 q 0
28 88 t 0
28 89 x 0
28 90 m 0
28 91 f 0
28 92 r 0
28 93 h 0
28 94 d 0
28 95 n 0
28 96 s 0
28 97 j 0
28 98 d 0
28 99 a 0
29 0 r 0
29 1 t 0
29 2 q 0
29 3 y 0
29 4 r 0
29 5 g 0
29 6 i 0
29 7 l 0
29 8 b 0
29 9 c 0
29 10 q 0
29 11 q 0
29 12 r 0
29 13 t 0
29 14 m 0
29 15 z 0
29 16 q 0
29 17 z 0
29 18 q 0
29 19 y 0
29 20 w 0
29 21 m 0
29 22 v 0
29 23 u 0
29 24 j 0
29 25 o 0
29 26 g 0
29 27 h 0
29 28 w 0
29 29 b 0
29 30 w 0
29 31 h 0
29 32 h 0
29 33 c 0
29 34 q 0
29 35 x 0
29 36 n 0
29 37 w 0
29 38 c 0
29 39 z 0
29 40 i 1
29 41 r 1
29 42 b 1
29 43 i 1
29 44 l 1
29 45 o 1
29 46 c 1
29 47 q 0
29 48 v 0
29 49 y 0
29 50 u 0
29 51 h 0
29 52 l 0
29 53 m 0
29 54 a 0
29 55 n 0
29 56 c 0
29 57 o 0
29 58 t 0
29 59 f 0
29 60 a 0
29 61 d 0
29 62 n 0
29 63 o 0
29 64 v 0
29 65 k 0
29 66 a 0
29 67 c 0
29 68 s 0
29 69 v 0
29 70 g 0
29 71 b 0
29 72 v 0
29 73 g 0
29 74 j 0
29 75 w 0
29 76 y 0
29 77 u 0
29 78 f 0
29 79 o 0
29 80 m 0
29 81 o 0
29 82 j 0
29 83 k 0
29 84 u 0
29 85 m 0
29 86 g 0
29 87 v 0
29 88 m 0
29 89 x 0
29 90 w 0
29 91 x 0
29 92 y 0
29 93 y 0
29 94 t 0
29 95 j 0
29 96 m 0
29 97 h 0
29 98 c 0
29 99 p 0
30 0 j 0
30 1 n 0
30 2 v 0
30 3 x 0
30 4 z 0
30 5 y 0
30 6 q 0
30 7 z 0
30 8 u 0
30 9 k 0
30 10 x 0
30 11 v 0
30 12 l 0
30 13 w 0
30 14 a 0
30 15 p 0
30 16 w 0
30 17 w 0
30 18 i 0
30 19 b 0
30 20 i 0
30 21 r 0
30 22 l 0
30 23 c 0
30 24 l 0
30 25 i 0
30 26 l 0
30 27 b 0
30 28 d 0
30 29 m 0
30 30 r 0
30 31 z 0
30 32 d 0
30 33 c 0
30 34 m 0
30 35 i 0
30 36 v 0
30 37 h 0
30 38 i 0
30 39 a 0
30 40 k 0
30 41 c 0
30 42 v 0
30 43 r 0
30 44 a 0
30 45 x 0
30 46 f 0
30 47 p 0
30 48 g 0
30 49 j 0
30 50 d 0
30 51 l 0
30 52 o 0
30 53 w 0
30 54 y 0
30 55 e 0
30 56 g 0
30 57 o 0
30 58 v 0
30 59 z 0
30 60 t 0
30 61 m 0
30 62 x 0
30 63 t 0
30 64 p 0
30 65 g 0
30 66 t 0
30 67 i 0
30 68 s 0
30 69 i 0
30 70 a 0
30 71 s 0
30 72 t 0
30 73 h 0
30 74 q 0
30 75 y 0
30 76 q 0
30 77 p 0
30 78 t 0
30 79 f 0
30 80 d 0
30 81 p 0
30 82 v 0
30 83 i 0
30 84 s 0
30 85 n 0
30 86 a 0
30 87 k 0
30 88 u 0
30 89 o 0
30 90 n 0
30 91 h 0
30 92 z 0
30 93 f 0
30 94 q 0
30 95 b 0
30 96 h 0
30 97 o 0
30 98 z 0
30 99 c 0
31 0 m 0
31 1 s 0
31 2 k 0
31 3 l 0
31 4 u 0
31 5 x 0
31 6 v 0
31 7 b 0
31 8 t 0
31 9 l 0
31 10 x 0
31 11 v 0
31 12 y 0
31 13 a 0
31 14 s 0
31 15 d 0
31 16 s 0
31 17 f 0
31 18 y 0
31 19 n 0
31 20 l 0
31 21 m 0
31 22 q 0
31 23 i 0
31 24 k 0
31 25 w 0
31 26 o 0
31 27 a 0
31 28 x 0
31 29 e 0
31 30 b 0
31 31 g 0
31 32 e 0
31 33 b 0
31 34 o 0
31 35 f 0
31 36 d 0
31 37 m 0
31 38 a 0
31 39 c 0
31 40 d 0
31 41 n 0
31 42 s 0
31 43 k 0
31 44 i 0
31 45 m 0
31 46 d 0
31 47 d 0
31 48 x 0
31 49 r 0
31 50 n 0
31 51 t 0
31 52 w 0
31 53 w 0
31 54 s 0
31 55 z 0
31 56 l 0
31 57 i 0
31 58 s 0
31 59 i 0
31 60 l 0
31 61 x 0
31 62 g 0
31 63 t 0
31 64 t 0
31 65 s 0
31 66 l 0
31 67 j 0
31 68 w 0
31 69 t 0
31 70 p 0
31 71 n 0
31 72 q 0
31 73 m 0
31 74 j 0
31 75 d 0
31 76 n 0
31 77 s 0
31 78 h 0
31 79 o 0
31 80 u 0
31 81 h 0
31 82 p 0
31 83 i 0
31 84 v 0
31 85 w 0
31 86 g 0
31 87 h 0
31 88 j 0
31 89 s 0
31 90 p 0
31 91 o 0
31 92 m 0
31 93 e 0
31 94 n 0
31 95 r 0
31 96 q 0
31 97 y 0
31 98 z 0
31 99 n 0
32 0 o 0
32 1 n 0
32 2 u 0
32 3 m 0
32 4 c 0
32 5 y 0
32 6 d 0
32 7 k 0
32 8 p 0
32 9 e 0
32 10 p 0
32 11 h 0
32 12 a 0
32 13 p 0
32 14 i 0
32 15 n 0
32 16 p 0
32 17 p 0
32 18 s 0
32 19 u 0
32 20 k 0
32 21 b 0
32 22 m 0
32 23 m 0
32 24 z 0
32 25 y 0
32 26 d 0
32 27 d 0
32 28 b 0
32 29 m 0
32 30 g 0
32 31 p 0
32 32 a 0
32 33 g 0
32 34 x 0
32 35 o 0
32 36 g 0
32 37 g 0
32 38 z 0
32 39 b 0
32 40 a 0
32 41 c 0
32 42 t 0
32 43 m 0
32 44 b 0
32 45 l 0
32 46 c 0
32 47 z 0
32 48 n 0
32 49 g 0
32 50 k 0
32 51 o 0
32 52 d 0
32 53 l 0
32 54 d 0
32 55 d 0
32 56 u 0
32 57 m 0
32 58 z 0
32 59 b 0
32 60 c 0
32 61 j 0
32 62 p 0
32 63 s 0
32 64 n 0
32 65 q 0
32 66 q 0
32 67 a 0
32 68 t 0
32 69 n 0
32 70 k 0
32 71 u 0
32 72 q 0
32 73 v 0
32 74 q 0
32 75 a 0
32 76 q 0
32 77 b 0
32 78 z 0
32 79 z 0
32 80 p 0
32 81 r 0
32 82 y 0
32 83 w 0
32 84 u 0
32 85 o 0
32 86 m 0
32 87 j 0
32 88 b 0
32 89 p 0
32 90 f 0
32 91 w 0
32 92 p 0
32 93 y 0
32 94 w 0
32 95 z 0
32 96 m 0
32 97 q 0
32 98 w 0
32 99 h 0
33 0 w 0
33 1 f 0
33 2 y 0
33 3 n 0
33 4 x 0
33 5 m 0
33 6 g 0
33 7 n 0
33 8 n 0
33 9 f 0
33 10 i 0
33 11 b 0
33 12 u 0
33 13 d 0
33 14 d 0
33 15 s 0
33 16 s 0
33 17 d 0
33 18 r 0
33 19 q 0
33 20 q 0
33 21 p 0
33 22 u 0
33 23 i 0
33 24 i 0
33 25 f 0
33 26 d 0
33 27 v 0
33 28 u 0
33 29 l 0
33 30 x 0
33 31 q 0
33 32 v 0
33 33 q 0
33 34 k 0
33 35 p 0
33 36 z 0
33 37 c 0
33 38 v 0
33 39 p 0
33 40 w 0
33 41 y 0
33 42 o 0
33 43 z 0
33 44 j 0
33 45 c 0
33 46 m 0
33 47 h 0
33 48 i 0
33 49 v 0
33 50 m 0
33 51 v 0
33 52 g 0
33 53 e 0
33 54 n 0
33 55 u 0
33 56 j 0
33 57 t 0
33 58 d 0
33 59 g 0
33 60 w 0
33 61 j 0
33 62 s 0
33 63 f 0
33 64 i 0
33 65 a 0
33 66 i 0
33 67 j 0
33 68 i 0
33 69 h 0
33 70 z 0
33 71 t 0
33 72 v 0
33 73 v 0
33 74 y 0
33 75 g 0
33 76 k 0
33 77 z 0
33 78 e 0
33 79 v 0
33 80 r 0
33 81 i 0
33 82 c 0
33 83 k 0
33 84 t 0
33 85 b 0
33 86 u 0
33 87 g 0
33 88 m 0
33 89 q 0
33 90 f 0
33 91 c 0
33 92 j 0
33 93 j 0
33 94 l 0
33 95 g 0
33 96 q 0
33 97 k 0
33 98 g 0
33 99 g 0
34 0 f 0
34 1 w 0
34 2 t 0
34 3 d 0
34 4 a 0
34 5 z 0
34 6 a 0
34 7 h 0
34 8 i 0
34 9 s 0
34 10 t 0
34 11 g 0
34 12 u 0
34 13 t 0
34 14 z 0
34 15 j 0
34 16 l 0
34 17 a 0
34 18 s 0
34 19 b 0
34 20 m 0
34 21 b 0
34 22 o 0
34 23 c 0
34 24 v 0
34 25 a 0
34 26 k 0
34 27 f 0
34 28 u 0
34 29 r 0
34 30 d 0
34 31 l 0
34 32 k 0
34 33 f 0
34 34 j 0
34 35 r 0
34 36 t 0
34 37 h 0
34 38 r 0
34 39 n 0
34 40 i 0
34 41 o 0
34 42 u 0
34 43 r 0
34 44 h 0
34 45 l 0
34 46 k 0
34 47 f 0
34 48 o 0
34 49 g 0
34 50 g 0
34 51 o 0
34 52 g 0
34 53 x 0
34 54 n 0
34 55 f 0
34 56 f 0
34 57 g 0
34 58 f 0
34 59 k 0
34 60 n 0
34 61 y 0
34 62 b 0
34 63 a 0
34 64 c 0
34 65 n 0
34 66 o 0
34 67 m 0
34 68 s 0
34 69 j 0
34 70 w 0
34 71 k 0
34 72 d 0
34 73 p 0
34 74 n 0
34 75 i 0
34 76 h 0
34 77 t 0
34 78 d 0
34 79 r 0
34 80 w 0
34 81 s 0
34 82 s 0
34 83 p 0
34 84 p 0
34 85 g 0
34 86 x 0
34 87 f 0
34 88 h 0
34 89 q 0
34 90 v 0
34 91 g 0
34 92 e 0
34 93 y 0
34 94 v 0
34 95 g 0
34 96 g 0
34 97 r 0
34 98 d 0
34 99 m 0
35 0 r 0
35 1 z 0
35 2 d 0
35 3 q 0
35 4 m 0
35 5 e 0
35 6 i 0
35 7 k 0
35 8 m 0
35 9 z 0
35 10 c 0
35 11 s 0
35 12 z 0
35 13 u 0
35 14 g 0
35 15 o 0
35 16 g 0
35 17 w 0
35 18 q 0
35 19 c 0
35 20 b 0
35 21 e 0
35 22 u 0
35 23 n 0
35 24 d 0
35 25 l 0
35 26 t 0
35 27 u 0
35 28 s 0
35 29 o 0
35 30 c 0
35 31 w 0
35 32 n 0
35 33 m 0
35 34 w 0
35 35 w 0
35 36 q 0
35 37 q 0
35 38 z 0
35 39 s 0
35 40 t 0
35 41 y 0
35 42 z 0
35 43 p 0
35 44 a 0
35 45 x 0
35 46 k 0
35 47 n 0
35 48 v 0
35 49 d 0
35 50 e 0
35 51 r 0
35 52 x 0
35 53 n 0
35 54 k 0
35 55 c 0
35 56 c 0
35 57 u 0
35 58 k 0
35 59 x 0
35 60 o 0
35 61 y 0
35 62 l 0
35 63 b 0
35 64 c 0
35 65 i 0
35 66 p 0
35 67 b 0
35 68 k 0
35 69 q 0
35 70 m 0
35 71 h 0
35 72 r 0
35 73 y 0
35 74 j 0
35 75 c 0
35 76 x 0
35 77 x 0
35 78 o 0
35 79 g 0
35 80 u 0
35 81 p 0
35 82 s 0
35 83 y 0
35 84 w 0
35 85 l 0
35 86 u 0
35 87 z 0
35 88 b 0
35 89 a 0
35 90 a 0
35 91 i 0
35 92 v 0
35 93 x 0
35 94 r 0
35 95 f 0
35 96 j 0
35 97 l 0
35 98 g 0
35 99 i 0
36 0 x 0
36 1 q 0
36 2 l 0
36 3 t 0
36 4 l 0
36 5 v 0
36 6 j 0
36 7 w 0
36 8 u 0
36 9 b 0
36 10 v 0
36 11 d 0
36 12 d 0
36 13 t 0
36 14 w 0
36 15 l 0
36 16 v 0
36 17 l 0
36 18 f 0
36 19 q 0
36 20 p 0
36 21 g 0
36 22 b 0
36 23 e 0
36 24 e 0
36 25 p 0
36 26 d 0
36 27 a 0
36 28 g 0
36 29 w 0
36 30 j 0
36 31 f 0
36 32 y 0
36 33 z 0
36 34 p 0
36 35 c 0
36 36 a 0
36 37 v 0
36 38 y 0
36 39 o 0
36 40 x 0
36 41 w 0
36 42 g 0
36 43 h 0
36 44 m 0
36 45 v 0
36 46 h 0
36 47 h 0
36 48 a 0
36 49 f 0
36 50 g 0
36 51 b 0
36 52 b 0
36 53 k 0
36 54 p 0
36 55 t 0
36 56 m 0
36 57 c 0
36 58 n 0
36 59 i 0
36 60 i 0
36 61 f 0
36 62 e 0
36 63 i 0
36 64 k 0
36 65 f 0
36 66 t 0
36 67 z 0
36 68 r 0
36 69 c 0
36 70 z 0
36 71 t 0
36 72 n 0
36 73 o 0
36 74 l 0
36 75 a 0
36 76 y 0
36 77 h 0
36 78 r 0
36 79 v 0
36 80 v 0
36 81 m 0
36 82 a 0
36 83 j 0
36 84 m 0
36 85 g 0
36 86 o 0
36 87 n 0
36 88 v 0
36 89 p 0
36 90 y 0
36 91 m 0
36 92 z 0
36 93 k 0
36 94 z 0
36 95 b 0
36 96 v 0
36 97 p 0
36 98 x 0
36 99 n 0
37 0 s 0
37 1 f 0
37 2 c 0
37 3 u 0
37 4 u 0
37 5 y 0
37 6 v 0
37 7 p 0
37 8 w 0
37 9 e 0
37 10 o 0
37 11 v 0
37 12 r 0
37 13 p 0
37 14 r 0
37 15 v 0
37 16 l 0
37 17 o 0
37 18 w 0
37 19 a 0
37 20 e 0
37 21 v 0
37 22 b 0
37 23 w 0
37 24 v 0
37 25 e 0
37 26 j 0
37 27 a 0
37 28 k 0
37 29 r 0
37 30 p 0
37 31 k 0
37 32 k 0
37 33 j 0
37 34 y 0
37 35 j 0
37 36 r 0
37 37 d 0
37 38 e 0
37 39 p 0
37 40 y 0
37 41 b 0
37 42 q 0
37 43 f 0
37 44 m 0
37 45 r 0
37 46 s 0
37 47 e 0
37 48 b 0
37 49 p 0
37 50 g 0
37 51 i 0
37 52 p 0
37 53 v 0
37 54 e 0
37 55 c 0
37 56 e 0
37 57 i 0
37 58 l 0
37 59 n 0
37 60 a 0
37 61 k 0
37 62 v 0
37 63 g 0
37 64 p 0
37 65 m 0
37 66 l 0
37 67 j 0
37 68 z 0
37 69 g 0
37 70 o 0
37 71 e 0
37 72 k 0
37 73 v 0
37 74 c 0
37 75 n 0
37 76 t 0
37 77 o 0
37 78 f 0
37 79 a 0
37 80 u 0
37 81 k 0
37 82 r 0
37 83 f 0
37 84 u 0
37 85 t 0
37 86 p 0
37 87 y 0
37 88 k 0
37 89 g 0
37 90 i 0
37 91 m 0
37 92 g 0
37 93 g 0
37 94 x 0
37 95 i 0
37 96 h 0
37 97 x 0
37 98 q 0
37 99 m 0
38 0 j 0
38 1 j 0
38 2 g 0
38 3 k 0
38 4 d 0
38 5 p 0
38 6 w 0
38 7 p 0
38 8 f 0
38 9 x 0
38 10 g 0
38 11 i 0
38 12 c 0
38 13 b 0
38 14 a 0
38 15 y 0
38 16 c 0
38 17 h 0
38 18 q 0
38 19 g 0
38 20 s 0
38 21 s 0
38 22 j 0
38 23 d 0
38 24 d 0
38 25 u 0
38 26 i 0
38 27 u 0
38 28 m 0
38 29 h 0
38 30 a 0
38 31 j 0
38 32 p 0
38 33 q 0
38 34 m 0
38 35 z 0
38 36 s 0
38 37 c 0
38 38 u 0
38 39 p 0
38 40 s 0
38 41 m 0
38 42 m 0
38 43 o 0
38 44 e 0
38 45 o 0
38 46 h 0
38 47 v 0
38 48 d 0
38 49 m 0
38 50 i 0
38 51 i 0
38 52 v 0
38 53 w 0
38 54 s 0
38 55 j 0
38 56 l 0
38 57 x 0
38 58 u 0
38 59 z 0
38 60 e 0
38 61 r 0
38 62 e 0
38 63 f 0
38 64 k 0
38 65 t 0
38 66 a 0
38 67 q 0
38 68 x 0
38 69 h 0
38 70 r 0
38 71 v 0
38 72 j 0
38 73 k 0
38 74 h 0
38 75 o 0
38 76 a 0
38 77 h 0
38 78 m 0
38 79 m 0
38 80 v 0
38 81 p 0
38 82 t 0
38 83 g 0
38 84 d 0
38 85 l 0
38 86 x 0
38 87 n 0
38 88 x 0
38 89 f 0
38 90 h 0
38 91 u 0
38 92 u 0
38 93 i 0
38 94 t 0
38 95 y 0
38 96 x 0
38 97 a 0
38 98 m 0
38 99 f 0
39 0 y 0
39 1 m 0
39 2 d 0
39 3 w 0
39 4 f 0
39 5 z 0
39 6 c 0
39 7 a 0
39 8 j 0
39 9 r 0
39 10 r 0
39 11 v 0
39 12 n 0
39 13 z 0
39 14 a 0
39 15 b 0
39 16 s 0
39 17 s 0
39 18 d 0
39 19 g 0
39 20 z 0
39 21 u 0
39 22 b 0
39 23 o 0
39 24 l 0
39 25 u 0
39 26 z 0
39 27 j 0
39 28 n 0
39 29 w 0
39 30 l 0
39 31 q 0
39 32 o 0
39 33 t 0
39 34 q 0
39 35 s 0
39 36 a 0
39 37 q 0
39 38 p 0
39 39 v 0
39 40 j 0
39 41 v 0
39 42 e 0
39 43 o 0
39 44 g 0
39 45 j 0
39 46 x 0
39 47 k 0
39 48 a 0
39 49 l 0
39 50 n 0
39 51 v 0
39 52 z 0
39 53 i 0
39 54 u 0
39 55 q 0
39 56 l 0
39 57 o 0
39 58 t 0
39 59 l 0
39 60 o 0
39 61 o 0
39 62 g 0
39 63 g 0
39 64 n 0
39 65 f 0
39 66 t 0
39 67 i 0
39 68 p 0
39 69 k 0
39 70 f 0
39 71 y 0
39 72 b 0
39 73 j 0
39 74 h 0
39 75 r 0
39 76 r 0
39 77 q 0
39 78 m 0
39 79 f 0
39 80 n 0
39 81 t 0
39 82 g 0
39 83 m 0
39 84 n 0
39 85 a 0
39 86 c 0
39 87 j 0
39 88 w 0
39 89 z 0
39 90 g 0
39 91 p 0
39 92 i 0
39 93 j 0
39 94 y 0
39 95 a 0
39 96 m 0
39 97 e 0
39 98 q 0
39 99 j 0
40 0 b 0
40 1 a 0
40 2 e 0
40 3 a 0
40 4 y 0
40 5 v 0
40 6 y 0
40 7 n 0
40 8 q 0
40 9 a 0
40 10 a 0
40 11 h 0
40 12 j 0
40 13 t 0
40 14 t 0
40 15 w 0
40 16 a 0
40 17 s 0
40 18 j 0
40 19 x 0
40 20 d 0
40 21 l 0
40 22 r 0
40 23 x 0
40 24 l 0
40 25 u 0
40 26 y 0
40 27 x 0
40 28 q 0
40 29 o 0
40 30 s 0
40 31 i 0
40 32 x 0
40 33 l 0
40 34 o 0
40 35 d 0
40 36 r 0
40 37 d 0
40 38 y 0
40 39 t 0
40 40 q 0
40 41 z 0
40 42 a 0
40 43 o 0
40 44 w 0
40 45 a 0
40 46 d 0
40 47 s 0
40 48 t 0
40 49 i 0
40 50 s 0
40 51 c 0
40 52 w 0
40 53 z 0
40 54 b 0
40 55 m 0
40 56 p 0
40 57 i 0
40 58 l 0
40 59 g 0
40 60 v 0
40 61 i 0
40 62 v 0
40 63 m 0
40 64 j 0
40 65 x 0
40 66 j 0
40 67 w 0
40 68 z 0
40 69 t 0
40 70 e 0
40 71 l 0
40 72 z 0
40 73 v 0
40 74 y 0
40 75 w 0
40 76 w 0
40 77 e 0
40 78 q 0
40 79 a 0
40 80 b 0
40 81 l 0
40 82 s 0
40 83 o 0
40 84 b 0
40 85 g 0
40 86 c 0
40 87 k 0
40 88 q 0
40 89 m 0
40 90 t 0
40 91 e 0
40 92 u 0
40 93 l 0
40 94 r 0
40 95 f 0
40 96 k 0
40 97 x 0
40 98 m 0
40 99 m 0
41 0 l 0
41 1 f 0
41 2 w 0
41 3 g 0
41 4 k 0
41 5 j 0
41 6 a 0
41 7 l 0
41 8 s 0
41 9 m 0
41 10 i 0
41 11 e 0
41 12 k 0
41 13 y 0
41 14 z 0
41 15 x 0
41 16 q 0
41 17 v 0
41 18 q 0
41 19 a 0
41 20 i 0
41 21 u 0
41 22 p 0
41 23 j 0
41 24 y 0
41 25 g 0
41 26 n 0
41 27 f 0
41 28 w 0
41 29 q 0
41 30 h 0
41 31 p 0
41 32 h 0
41 33 r 0
41 34 r 0
41 35 x 0
41 36 g 0
41 37 p 0
41 38 v 0
41 39 l 0
41 40 z 0
41 41 h 0
41 42 o 0
41 43 i 0
41 44 b 0
41 45 c 0
41 46 n 0
41 47 u 0
41 48 g 0
41 49 r 0
41 50 b 0
41 51 f 0
41 52 a 0
41 53 z 0
41 54 o 0
41 55 r 0
41 56 k 0
41 57 e 0
41 58 o 0
41 59 b 0
41 60 v 0
41 61 l 0
41 62 b 0
41 63 x 0
41 64 h 0
41 65 s 0
41 66 k 0
41 67 z 0
41 68 a 0
41 69 n 0
41 70 f 0
41 71 c 0
41 72 r 0
41 73 a 0
41 74 x 0
41 75 l 0
41 76 v 0
41 77 g 0
41 78 q 0
41 79 r 0
41 80 d 0
41 81 a 0
41 82 k 0
41 83 a 0
41 84 c 0
41 85 c 0
41 86 a 0
41 87 a 0
41 88 j 0
41 89 g 0
41 90 y 0
41 91 o 0
41 92 z 0
41 93 m 0
41 94 p 0
41 95 q 0
41 96 l 0
41 97 x 0
41 98 g 0
41 99 q 0
42 0 d 0
42 1 a 0
42 2 h 0
42 3 m 0
42 4 g 0
42 5 e 0
42 6 u 0
42 7 t 0
42 8 j 0
42 9 p 0
42 10 d 0
42 11 s 0
42 12 p 0
42 13 g 0
42 14 z 0
42 15 x 0
42 16 b 0
42 17 t 0
42 18 n 0
42 19 c 0
42 20 g 0
42 21 q 0
42 22 m 0
42 23 l 0
42 24 g 0
42 25 f 0
42 26 y 0
42 27 r 0
42 28 q 0
42 29 n 0
42 30 g 0
42 31 u 0
42 32 x 0
42 33 s 0
42 34 l 0
42 35 n 0
42 36 k 0
42 37 m 0
42 38 d 0
42 39 e 0
42 40 n 0
42 41 x 0
42 42 g 0
42 43 o 0
42 44 t 0
42 45 j 0
42 46 z 0
42 47 d 0
42 48 j 0
42 49 n 0
42 50 k 0
42 51 c 0
42 52 l 0
42 53 o 0
42 54 e 0
42 55 k 0
42 56 m 0
42 57 r 0
42 58 j 0
42 59 j 0
42 60 d 0
42 61 t 0
42 62 a 0
42 63 b 0
42 64 m 0
42 65 u 0
42 66 z 0
42 67 f 0
42 68 c 0
42 69 v 0
42 70 w 0
42 71 i 0
42 72 d 0
42 73 d 0
42 74 u 0
42 75 a 0
42 76 d 0
42 77 k 0
42 78 k 0
42 79 l 0
42 80 r 0
42 81 t 0
42 82 k 0
42 83 p 0
42 84 n 0
42 85 v 0
42 86 s 0
42 87 b 0
42 88 h 0
42 89 c 0
42 90 x 0
42 91 v 0
42 92 z 0
42 93 d 0
42 94 d 0
42 95 j 0
42 96 y 0
42 97 h 0
42 98 j 0
42 99 b 0
43 0 b 0
43 1 d 0
43 2 t 0
43 3 l 0
43 4 r 0
43 5 g 0
43 6 b 0
43 7 c 0
43 8 x 0
43 9 e 0
43 10 d 0
43 11 n 0
43 12 h 0
43 13 n 0
43 14 w 0
43 15 t 0
43 16 d 0
43 17 q 0
43 18 q 0
43 19 h 0
43 20 z 0
43 21 t 0
43 22 i 0
43 23 f 0
43 24 a 0
43 25 r 0
43 26 o 0
43 27 w 0
43 28 d 0
43 29 t 0
43 30 e 0
43 31 u 0
43 32 c 0
43 33 p 0
43 34 u 0
43 35 g 0
43 36 w 0
43 37 z 0
43 38 k 0
43 39 i 0
43 40 c 0
43 41 p 0
43 42 r 0
43 43 y 0
43 44 p 0
43 45 p 0
43 46 y 0
43 47 v 0
43 48 s 0
43 49 j 0
43 50 j 0
43 51 z 0
43 52 x 0
43 53 y 0
43 54 d 0
43 55 i 0
43 56 c 0
43 57 f 0
43 58 y 0
43 59 n 0
43 60 b 0
43 61 u 0
43 62 h 0
43 63 g 0
43 64 h 0
43 65 s 0
43 66 c 0
43 67 n 0
43 68 k 0
43 69 y 0
43 70 o 0
43 71 z 0
43 72 d 0
43 73 a 0
43 74 l 0
43 75 d 0
43 76 y 0
43 77 m 0
43 78 t 0
43 79 v 0
43 80 v 0
43 81 t 0
43 82 q 0
43 83 n 0
43 84 u 0
43 85 f 0
43 86 f 0
43 87 k 0
43 88 x 0
43 89 b 0
43 90 b 0
43 91 u 0
43 92 x 0
43 93 q 0
43 94 i 0
43 95 y 0
43 96 o 0
43 97 h 0
43 98 w 0
43 99 v 0
44 0 e 0
44 1 r 0
44 2 a 0
44 3 e 0
44 4 u 0
44 5 e 0
44 6 w 0
44 7 f 0
44 8 v 0
44 9 t 0
44 10 v 0
44 11 k 0
44 12 c 0
44 13 s 0
44 14 p 0
44 15 t 0
44 16 b 0
44 17 t 0
44 18 c 0
44 19 r 0
44 20 n 0
44 21 u 0
44 22 x 0
44 23 u 0
44 24 z 0
44 25 t 0
44 26 e 0
44 27 k 0
44 28 v 0
44 29 c 0
44 30 p 0
44 31 j 0
44 32 l 0
44 33 p 0
44 34 x 0
44 35 t 0
44 36 u 0
44 37 m 0
44 38 b 0
44 39 j 0
44 40 i 0
44 41 e 0
44 42 q 0
44 43 v 0
44 44 q 0
44 45 w 0
44 46 h 0
44 47 j 0
44 48 z 0
44 49 v 0
44 50 y 0
44 51 g 0
44 52 o 0
44 53 c 0
44 54 r 0
44 55 w 0
44 56 t 0
44 57 w 0
44 58 s 0
44 59 t 0
44 60 a 0
44 61 i 0
44 62 l 0
44 63 r 0
44 64 a 0
44 65 u 0
44 66 l 0
44 67 u 0
44 68 c 0
44 69 w 0
44 70 f 0
44 71 n 0
44 72 t 0
44 73 d 0
44 74 a 0
44 75 i 0
44 76 j 0
44 77 p 0
44 78 l 0
44 79 s 0
44 80 c 0
44 81 j 0
44 82 o 0
44 83 j 0
44 84 w 0
44 85 q 0
44 86 m 0
44 87 r 0
44 88 l 0
44 89 c 0
44 90 g 0
44 91 l 0
44 92 o 0
44 93 w 0
44 94 v 0
44 95 x 0
44 96 g 0
44 97 w 0
44 98 m 0
44 99 k 0
45 0 f 0
45 1 r 0
45 2 c 0
45 3 j 0
45 4 o 0
45 5 b 0
45 6 e 0
45 7 i 0
45 8 k 0
45 9 v 0
45 10 h 0
45 11 q 0
45 12 l 0
45 13 r 0
45 14 w 0
45 15 q 0
45 16 g 0
45 17 k 0
45 18 g 0
45 19 y 0
45 20 z 0
45 21 u 0
45 22 f 0
45 23 e 0
45 24 x 0
45 25 e 0
45 26 s 0
45 27 v 0
45 28 a 0
45 29 l 0
45 30 k 0
45 31 v 0
45 32 q 0
45 33 x 0
45 34 e 0
45 35 a 0
45 36 a 0
45 37 x 0
45 38 t 0
45 39 p 0
45 40 p 0
45 41 n 0
45 42 s 0
45 43 j 0
45 44 e 0
45 45 x 0
45 46 o 0
45 47 l 0
45 48 a 0
45 49 g 0
45 50 k 0
45 51 d 0
45 52 g 0
45 53 t 0
45 54 b 0
45 55 h 0
45 56 l 0
45 57 s 0
45 58 e 0
45 59 w 0
45 60 x 0
45 61 e 0
45 62 q 0
45 63 y 0
45 64 k 0
45 65 y 0
45 66 l 0
45 67 h 0
45 68 c 0
45 69 f 0
45 70 i 0
45 71 i 0
45 72 w 0
45 73 w 0
45 74 g 0
45 75 i 0
45 76 f 0
45 77 m 0
45 78 c 0
45 79 u 0
45 80 e 0
45 81 e 0
45 82 m 0
45 83 e 0
45 84 e 0
45 85 v 0
45 86 w 0
45 87 n 0
45 88 b 0
45 89 c 0
45 90 j 0
45 91 c 0
45 92 i 0
45 93 s 0
45 94 s 0
45 95 o 0
45 96 i 0
45 97 h 0
45 98 q 0
45 99 g 0
46 0 s 0
46 1 w 0
46 2 i 0
46 3 u 0
46 4 w 0
46 5 e 0
46 6 w 0
46 7 r 0
46 8 q 0
46 9 h 0
46 10 r 0
46 11 x 0
46 12 f 0
46 13 x 0
46 14 m 0
46 15 o 0
46 16 w 0
46 17 f 0
46 18 d 0
46 19 n 0
46 20 x 0
46 21 v 0
46 22 c 0
46 23 m 0
46 24 j 0
46 25 o 0
46 26 u 0
46 27 u 0
46 28 d 0
46 29 g 0
46 30 z 0
46 31 w 0
46 32 q 0
46 33 q 0
46 34 d 0
46 35 c 0
46 36 h 0
46 37 w 0
46 38 w 0
46 39 y 0
46 40 t 0
46 41 h 0
46 42 d 0
46 43 d 0
46 44 l 0
46 45 b 0
46 46 r 0
46 47 r 0
46 48 z 0
46 49 a 0
46 50 s 0
46 51 a 0
46 52 u 0
46 53 q 0
46 54 h 0
46 55 w 0
46 56 t 0
46 57 r 0
46 58 e 0
46 59 r 0
46 60 l 0
46 61 v 0
46 62 c 0
46 63 q 0
46 64 o 0
46 65 q 0
46 66 b 0
46 67 t 0
46 68 r 0
46 69 b 0
46 70 h 0
46 71 g 0
46 72 w 0
46 73 c 0
46 74 m 0
46 75 l 0
46 76 d 0
46 77 f 0
46 78 y 0
46 79 s 0
46 80 p 0
46 81 l 0
46 82 c 0
46 83 t 0
46 84 u 0
46 85 s 0
46 86 i 0
46 87 b 0
46 88 p 0
46 89 r 0
46 90 z 0
46 91 l 0
46 92 b 0
46 93 w 0
46 94 i 0
46 95 p 0
46 96 d 0
46 97 m 0
46 98 k 0
46 99 p 0
47 0 a 0
47 1 s 0
47 2 o 0
47 3 u 0
47 4 z 0
47 5 o 0
47 6 p 0
47 7 j 0
47 8 d 0
47 9 q 0
47 10 r 0
47 11 m 0
47 12 f 0
47 13 a 0
47 14 f 0
47 15 g 0
47 16 t 0
47 17 v 0
47 18 q 0
47 19 q 0
47 20 t 0
47 21 k 0
47 22 l 0
47 23 d 0
47 24 n 0
47 25 m 0
47 26 o 0
47 27 u 0
47 28 i 0
47 29 h 0
47 30 h 0
47 31 t 0
47 32 e 0
47 33 i 0
47 34 v 0
47 35 w 0
47 36 e 0
47 37 n 0
47 38 h 0
47 39 n 0
47 40 t 0
47 41 v 0
47 42 m 0
47 43 x 0
47 44 r 0
47 45 e 0
47 46 m 0
47 47 g 0
47 48 s 0
47 49 e 0
47 50 b 0
47 51 t 0
47 52 f 0
47 53 l 0
47 54 u 0
47 55 e 0
47 56 u 0
47 57 w 0
47 58 n 0
47 59 v 0
47 60 z 0
47 61 c 0
47 62 x 0
47 63 u 0
47 64 g 0
47 65 z 0
47 66 b 0
47 67 g 0
47 68 l 0
47 69 o 0
47 70 m 0
47 71 k 0
47 72 r 0
47 73 y 0
47 74 d 0
47 75 x 0
47 76 a 0
47 77 e 0
47 78 h 0
47 79 p 0
47 80 z 0
47 81 e 0
47 82 j 0
47 83 r 0
47 84 p 0
47 85 s 0
47 86 s 0
47 87 a 0
47 88 z 0
47 89 p 0
47 90 u 0
47 91 a 0
47 92 l 0
47 93 w 0
47 94 n 0
47 95 l 0
47 96 f 0
47 97 c 0
47 98 x 0
47 99 f 0
48 0 r 0
48 1 o 0
48 2 h 0
48 3 k 0
48 4 g 0
48 5 c 0
48 6 j 0
48 7 c 0
48 8 o 0
48 9 n 0
48 10 d 0
48 11 w 0
48 12 r 0
48 13 j 0
48 14 b 0
48 15 n 0
48 16 b 0
48 17 s 0
48 18 r 0
48 19 x 0
48 20 z 0
48 21 e 0
48 22 b 0
48 23 a 0
48 24 d 0
48 25 q 0
48 26 z 0
48 27 h 0
48 28 w 0
48 29 l 0
48 30 h 0
48 31 x 0
48 32 d 0
48 33 y 0
48 34 y 0
48 35 t 0
48 36 y 0
48 37 e 0
48 38 p 0
48 39 y 0
48 40 n 0
48 41 i 0
48 42 z 0
48 43 n 0
48 44 n 0
48 45 u 0
48 46 w 0
48 47 r 0
48 48 i 0
48 49 d 0
48 50 y 0
48 51 b 0
48 52 h 0
48 53 n 0
48 54 q 0
48 55 r 0
48 56 e 0
48 57 k 0
48 58 u 0
48 59 t 0
48 60 x 0
48 61 f 0
48 62 r 0
48 63 s 0
48 64 s 0
48 65 o 0
48 66 h 0
48 67 o 0
48 68 x 0
48 69 c 0
48 70 o 0
48 71 c 0
48 72 t 0
48 73 l 0
48 74 c 0
48 75 s 0
48 76 w 0
48 77 z 0
48 78 b 0
48 79 k 0
48 80 j 0
48 81 g 0
48 82 i 0
48 83 j 0
48 84 o 0
48 85 b 0
48 86 x 0
48 87 o 0
48 88 b 0
48 89 t 0
48 90 m 0
48 91 l 0
48 92 l 0
48 93 k 0
48 94 o 0
48 95 j 0
48 96 m 0
48 97 n 0
48 98 q 0
48 99 e 0
49 0 c 0
49 1 f 0
49 2 o 0
49 3 w 0
49 4 i 0
49 5 f 0
49 6 v 0
49 7 d 0
49 8 r 0
49 9 d 0
49 10 s 0
49 11 r 0
49 12 k 0
49 13 j 0
49 14 f 0
49 15 r 0
49 16 s 0
49 17 y 0
49 18 n 0
49 19 q 0
49 20 q 0
49 21 s 0
49 22 s 0
49 23 d 0
49 24 j 0
49 25 i 0
49 26 r 0
49 27 e 0
49 28 a 0
49 29 c 0
49 30 v 0
49 31 l 0
49 32 q 0
49 33 w 0
49 34 w 0
49 35 j 0
49 36 v 0
49 37 i 0
49 38 v 0
49 39 f 0
49 40 c 0
49 41 v 0
49 42 o 0
49 43 w 0
49 44 k 0
49 45 r 0
49 46 j 0
49 47 c 0
49 48 w 0
49 49 e 0
49 50 x 0
49 51 k 0
49 52 o 0
49 53 z 0
49 54 b 0
49 55 e 0
49 56 q 0
49 57 q 0
49 58 x 0
49 59 l 0
49 60 l 0
49 61 f 0
49 62 z 0
49 63 u 0
49 64 p 0
49 65 q 0
49 66 t 0
49 67 a 0
49 68 n 0
49 69 f 0
49 70 z 0
49 71 o 0
49 72 w 0
49 73 g 0
49 74 r 0
49 75 m 0
49 76 h 0
49 77 u 0
49 78 i 0
49 79 y 0
49 80 s 0
49 81 o 0
49 82 a 0
49 83 o 0
49 84 n 0
49 85 h 0
49 86 c 0
49 87 n 0
49 88 f 0
49 89 s 0
49 90 l 0
49 91 q 0
49 92 t 0
49 93 r 0
49 94 k 0
49 95 m 0
49 96 a 0
49 97 y 0
49 98 d 0
49 99 r 0
50 0 b 0
50 1 s 0
50 2 r 0
50 3 c 0
50 4 o 0
50 5 u 0
50 6 y 0
50 7 d 0
50 8 x 0
50 9 d 0
50 10 y 0
50 11 q 0
50 12 e 0
50 13 n 0
50 14 j 0
50 15 b 0
50 16 e 0
50 17 l 0
50 18 l 0
50 19 q 0
50 20 s 0
50 21 v 0
50 22 t 0
50 23 g 0
50 24 r 0
50 25 n 0
50 26 y 0
50 27 p 0
50 28 h 0
50 29 r 0
50 30 l 0
50 31 b 0
50 32 a 0
50 33 j 0
50 34 h 0
50 35 y 0
50 36 o 0
50 37 k 0
50 38 g 0
50 39 v 0
50 40 j 0
50 41 t 0
50 42 h 0
50 43 b 0
50 44 b 0
50 45 h 0
50 46 c 0
50 47 a 0
50 48 z 0
50 49 t 0
50 50 d 0
50 51 a 0
50 52 t 0
50 53 x 0
50 54 a 0
50 55 p 0
50 56 v 0
50 57 u 0
50 58 x 0
50 59 b 0
50 60 c 0
50 61 i 0
50 62 m 0
50 63 z 0
50 64 y 0
50 65 x 0
50 66 h 0
50 67 q 0
50 68 w 0
50 69 u 0
50 70 u 0
50 71 h 0
50 72 i 0
50 73 g 0
50 74 w 0
50 75 h 0
50 76 v 0
50 77 e 0
50 78 g 0
50 79 d 0
50 80 w 0
50 81 r 0
50 82 x 0
50 83 g 0
50 84 r 0
50 85 v 0
50 86 y 0
50 87 y 0
50 88 p 0
50 89 y 0
50 90 l 0
50 91 c 0
50 92 w 0
50 93 f 0
50 94 x 0
50 95 c 0
50 96 s 0
50 97 b 0
50 98 j 0
50 99 l 0
51 0 y 0
51 1 b 0
51 2 d 0
51 3 i 0
51 4 o 0
51 5 f 0
51 6 g 0
51 7 s 0
51 8 x 0
51 9 j 0
51 10 c 0
51 11 i 0
51 12 e 0
51 13 g 0
51 14 k 0
51 15 a 0
51 16 e 0
51 17 j 0
51 18 l 0
51 19 m 0
51 20 j 0
51 21 j 0
51 22 n 0
51 23 k 0
51 24 x 0
51 25 u 0
51 26 i 0
51 27 d 0
51 28 o 0
51 29 o 0
51 30 x 0
51 31 z 0
51 32 v 0
51 33 o 0
51 34 c 0
51 35 p 0
51 36 h 0
51 37 z 0
51 38 c 0
51 39 u 0
51 40 t 0
51 41 h 0
51 42 y 0
51 43 z 0
51 44 l 0
51 45 c 0
51 46 x 0
51 47 v 0
51 48 z 0
51 49 o 0
51 50 r 0
51 51 y 0
51 52 i 0
51 53 o 0
51 54 u 0
51 55 q 0
51 56 k 0
51 57 b 0
51 58 p 0
51 59 m 0
51 60 y 0
51 61 g 0
51 62 q 0
51 63 i 0
51 64 p 0
51 65 s 0
51 66 o 0
51 67 m 0
51 68 r 0
51 69 c 0
51 70 m 0
51 71 c 0
51 72 i 0
51 73 s 0
51 74 l 0
51 75 f 0
51 76 r 0
51 77 f 0
51 78 v 0
51 79 i 0
51 80 m 0
51 81 x 0
51 82 z 0
51 83 c 0
51 84 h 0
51 85 l 0
51 86 f 0
51 87 b 0
51 88 z 0
51 89 m 0
51 90 p 0
51 91 g 0
51 92 h 0
51 93 m 0
51 94 n 0
51 95 e 0
51 96 s 0
51 97 c 0
51 98 q 0
51 99 q 0
52 0 n 0
52 1 c 0
52 2 t 0
52 3 b 0
52 4 o 0
52 5 t 0
52 6 e 0
52 7 o 0
52 8 v 0
52 9 e 0
52 10 q 0
52 11 d 0
52 12 c 0
52 13 c 0
52 14 n 0
52 15 i 0
52 16 t 0
52 17 z 0
52 18 u 0
52 19 l 0
52 20 w 0
52 21 t 0
52 22 o 0
52 23 h 0
52 24 h 0
52 25 q 0
52 26 t 0
52 27 i 0
52 28 q 0
52 29 r 0
52 30 c 0
52 31 n 0
52 32 d 0
52 33 b 0
52 34 o 0
52 35 w 0
52 36 l 0
52 37 f 0
52 38 w 0
52 39 e 0
52 40 j 0
52 41 f 0
52 42 d 0
52 43 h 0
52 44 d 0
52 45 b 0
52 46 f 0
52 47 x 0
52 48 w 0
52 49 k 0
52 50 f 0
52 51 t 0
52 52 o 0
52 53 e 0
52 54 e 0
52 55 y 0
52 56 j 0
52 57 q 0
52 58 o 0
52 59 s 0
52 60 g 0
52 61 z 0
52 62 e 0
52 63 e 0
52 64 z 0
52 65 y 0
52 66 r 0
52 67 u 0
52 68 x 0
52 69 h 0
52 70 j 0
52 71 c 0
52 72 a 0
52 73 h 0
52 74 g 0
52 75 w 0
52 76 y 0
52 77 p 0
52 78 j 0
52 79 y 0
52 80 n 0
52 81 b 0
52 82 g 0
52 83 q 0
52 84 c 0
52 85 j 0
52 86 b 0
52 87 a 0
52 88 c 0
52 89 i 0
52 90 x 0
52 91 h 0
52 92 b 0
52 93 c 0
52 94 k 0
52 95 y 0
52 96 j 0
52 97 o 0
52 98 v 0
52 99 w 0
53 0 e 0
53 1 n 0
53 2 q 0
53 3 x 0
53 4 b 0
53 5 s 0
53 6 h 0
53 7 z 0
53 8 r 0
53 9 q 0
53 10 h 0
53 11 r 0
53 12 b 0
53 13 o 0
53 14 c 0
53 15 a 0
53 16 t 0
53 17 l 0
53 18 i 0
53 19 f 0
53 20 a 0
53 21 d 0
53 22 s 0
53 23 u 0
53 24 r 0
53 25 n 0
53 26 y 0
53 27 f 0
53 28 a 0
53 29 z 0
53 30 b 0
53 31 r 0
53 32 w 0
53 33 s 0
53 34 g 0
53 35 e 0
53 36 e 0
53 37 g 0
53 38 t 0
53 39 f 0
53 40 h 0
53 41 i 0
53 42 t 0
53 43 v 0
53 44 x 0
53 45 m 0
53 46 b 0
53 47 z 0
53 48 e 0
53 49 j 0
53 50 w 0
53 51 x 0
53 52 a 1
53 53 t 0
53 54 d 0
53 55 e 0
53 56 u 0
53 57 f 0
53 58 h 0
53 59 t 0
53 60 w 0
53 61 r 0
53 62 b 0
53 63 f 0
53 64 r 0
53 65 j 0
53 66 p 0
53 67 k 0
53 68 e 0
53 69 o 0
53 70 k 0
53 71 y 0
53 72 u 0
53 73 z 0
53 74 b 0
53 75 e 0
53 76 w 0
53 77 i 0
53 78 f 0
53 79 j 0
53 80 c 0
53 81 u 0
53 82 n 0
53 83 w 0
53 84 z 0
53 85 k 0
53 86 z 0
53 87 f 0
53 88 t 0
53 89 t 0
53 90 d 0
53 91 i 0
53 92 d 0
53 93 j 0
53 94 c 0
53 95 j 0
53 96 m 0
53 97 p 0
53 98 b 0
53 99 u 0
54 0 c 0
54 1 u 0
54 2 k 0
54 3 u 0
54 4 p 0
54 5 x 0
54 6 l 0
54 7 o 0
54 8 w 0
54 9 v 0
54 10 k 0
54 11 v 0
54 12 p 0
54 13 m 0
54 14 v 0
54 15 k 0
54 16 w 0
54 17 u 0
54 18 e 0
54 19 o 0
54 20 t 0
54 21 h 0
54 22 v 0
54 23 f 0
54 24 d 0
54 25 i 0
54 26 j 0
54 27 v 0
54 28 k 0
54 29 h 0
54 30 x 0
54 31 y 0
54 32 z 0
54 33 p 0
54 34 h 0
54 35 u 0
54 36 t 0
54 37 t 0
54 38 e 0
54 39 y 0
54 40 r 0
54 41 v 0
54 42 u 0
54 43 q 0
54 44 g 0
54 45 z 0
54 46 o 0
54 47 e 0
54 48 i 0
54 49 c 0
54 50 k 0
54 51 w 0
54 52 h 1
54 53 y 0
54 54 g 0
54 55 h 0
54 56 x 0
54 57 f 0
54 58 r 0
54 59 f 0
54 60 w 0
54 61 t 0
54 62 f 0
54 63 o 0
54 64 w 0
54 65 w 0
54 66 e 0
54 67 h 0
54 68 c 0
54 69 y 0
54 70 g 0
54 71 w 0
54 72 c 0
54 73 n 0
54 74 s 0
54 75 d 0
54 76 c 0
54 77 k 0
54 78 z 0
54 79 k 0
54 80 k 0
54 81 f 0
54 82 h 0
54 83 e 0
54 84 m 0
54 85 j 0
54 86 m 0
54 87 v 0
54 88 w 0
54 89 j 0
54 90 t 0
54 91 u 0
54 92 o 0
54 93 f 0
54 94 t 0
54 95 z 0
54 96 e 0
54 97 n 0
54 98 u 0
54 99 p 0
55 0 d 0
55 1 v 0
55 2 v 0
55 3 b 0
55 4 p 0
55 5 d 0
55 6 j 0
55 7 y 0
55 8 c 0
55 9 u 0
55 10 l 0
55 11 m 0
55 12 d 0
55 13 i 0
55 14 k 0
55 15 q 0
55 16 d 0
55 17 c 0
55 18 a 0
55 19 t 0
55 20 y 0
55 21 v 0
55 22 d 0
55 23 s 0
55 24 y 0
55 25 r 0
55 26 r 0
55 27 f 0
55 28 q 0
55 29 g 0
55 30 d 0
55 31 j 0
55 32 o 0
55 33 e 0
55 34 o 0
55 35 x 0
55 36 j 0
55 37 a 0
55 38 y 0
55 39 y 0
55 40 t 0
55 41 k 0
55 42 o 0
55 43 z 0
55 44 u 0
55 45 g 0
55 46 b 0
55 47 h 0
55 48 l 0
55 49 l 0
55 50 f 0
55 51 z 0
55 52 l 1
55 53 i 0
55 54 h 0
55 55 s 0
55 56 p 0
55 57 t 0
55 58 y 0
55 59 e 0
55 60 h 0
55 61 r 0
55 62 v 0
55 63 j 0
55 64 x 0
55 65 g 0
55 66 z 0
55 67 j 0
55 68 i 0
55 69 a 0
55 70 e 0
55 71 o 0
55 72 s 0
55 73 i 0
55 74 f 0
55 75 y 0
55 76 y 0
55 77 l 0
55 78 a 0
55 79 e 0
55 80 i 0
55 81 r 0
55 82 f 0
55 83 a 0
55 84 c 0
55 85 j 0
55 86 s 0
55 87 x 0
55 88 w 0
55 89 x 0
55 90 x 0
55 91 a 0
55 92 g 0
55 93 w 0
55 94 s 0
55 95 y 0
55 96 h 0
55 97 a 0
55 98 a 0
55 99 b 0
56 0 y 0
56 1 q 0
56 2 w 0
56 3 u 0
56 4 l 0
56 5 i 0
56 6 x 0
56 7 v 0
56 8 t 0
56 9 y 0
56 10 e 0
56 11 h 0
56 12 i 0
56 13 k 0
56 14 e 0
56 15 l 0
56 16 n 0
56 17 q 0
56 18 z 0
56 19 p 0
56 20 c 0
56 21 t 0
56 22 k 0
56 23 u 0
56 24 y 0
56 25 x 0
56 26 i 0
56 27 k 0
56 28 z 0
56 29 s 0
56 30 w 0
56 31 d 0
56 32 i 0
56 33 f 0
56 34 t 0
56 35 v 0
56 36 q 0
56 37 n 0
56 38 l 0
56 39 r 0
56 40 v 0
56 41 h 0
56 42 t 0
56 43 w 0
56 44 z 0
56 45 z 0
56 46 w 0
56 47 l 0
56 48 u 0
56 49 j 0
56 50 h 0
56 51 d 0
56 52 i 1
56 53 o 0
56 54 c 0
56 55 y 0
56 56 r 0
56 57 q 0
56 58 s 0
56 59 m 0
56 60 z 0
56 61 v 0
56 62 g 0
56 63 i 0
56 64 y 0
56 65 k 0
56 66 f 0
56 67 r 0
56 68 f 0
56 69 m 0
56 70 i 0
56 71 o 0
56 72 d 0
56 73 n 0
56 74 m 0
56 75 t 0
56 76 h 0
56 77 g 0
56 78 h 0
56 79 g 0
56 80 d 0
56 81 u 0
56 82 l 0
56 83 j 0
56 84 k 0
56 85 p 0
56 86 d 0
56 87 o 0
56 88 i 0
56 89 s 0
56 90 k 0
56 91 p 0
56 92 j 0
56 93 q 0
56 94 f 0
56 95 s 0
56 96 g 0
56 97 e 0
56 98 t 0
56 99 p 0
57 0 g 0
57 1 h 0
57 2 c 0
57 3 m 0
57 4 e 0
57 5 x 0
57 6 e 0
57 7 e 0
57 8 d 0
57 9 g 0
57 10 e 0
57 11 l 0
57 12 p 0
57 13 j 0
57 14 l 0
57 15 l 0
57 16 f 0
57 17 x 0
57 18 v 0
57 19 q 0
57 20 b 0
57 21 j 0
57 22 u 0
57 23 e 0
57 24 d 0
57 25 e 0
57 26 f 0
57 27 y 0
57 28 q 0
57 29 b 0
57 30 j 0
57 31 o 0
57 32 o 0
57 33 u 0
57 34 p 0
57 35 e 0
57 36 p 0
57 37 t 0
57 38 w 0
57 39 d 0
57 40 k 0
57 41 f 0
57 42 j 0
57 43 u 0
57 44 g 0
57 45 w 0
57 46 r 0
57 47 r 0
57 48 x 0
57 49 s 0
57 50 f 0
57 51 o 0
57 52 v 0
57 53 a 0
57 54 y 0
57 55 i 0
57 56 m 0
57 57 w 0
57 58 q 0
57 59 i 0
57 60 p 0
57 61 u 0
57 62 p 0
57 63 b 0
57 64 u 0
57 65 a 0
57 66 h 0
57 67 p 0
57 68 e 0
57 69 m 0
57 70 l 0
57 71 a 0
57 72 w 0
57 73 n 0
57 74 c 0
57 75 e 0
57 76 x 0
57 77 b 0
57 78 v 0
57 79 w 0
57 80 i 0
57 81 w 0
57 82 j 0
57 83 j 0
57 84 n 0
57 85 e 0
57 86 t 0
57 87 o 0
57 88 b 0
57 89 z 0
57 90 q 0
57 91 h 0
57 92 o 0
57 93 e 0
57 94 u 0
57 95 h 0
57 96 k 0
57 97 w 0
57 98 k 0
57 99 i 0
58 0 g 0
58 1 f 0
58 2 s 0
58 3 e 0
58 4 q 0
58 5 t 0
58 6 p 0
58 7 g 0
58 8 s 0
58 9 p 0
58 10 w 0
58 11 u 0
58 12 u 0
58 13 z 0
58 14 h 0
58 15 s 0
58 16 n 0
58 17 s 0
58 18 m 0
58 19 h 0
58 20 m 0
58 21 m 0
58 22 j 0
58 23 v 0
58 24 d 0
58 25 l 0
58 26 x 0
58 27 h 0
58 28 g 0
58 29 a 0
58 30 c 0
58 31 h 0
58 32 r 0
58 33 j 0
58 34 u 0
58 35 g 0
58 36 o 0
58 37 n 0
58 38 k 0
58 39 j 0
58 40 w 0
58 41 x 0
58 42 y 0
58 43 p 0
58 44 c 0
58 45 w 0
58 46 c 0
58 47 q 0
58 48 i 0
58 49 n 0
58 50 y 0
58 51 n 0
58 52 o 0
58 53 v 0
58 54 d 0
58 55 r 0
58 56 i 0
58 57 i 0
58 58 i 0
58 59 s 0
58 60 n 0
58 61 h 0
58 62 v 0
58 63 c 0
58 64 y 0
58 65 t 0
58 66 j 0
58 67 f 0
58 68 u 0
58 69 w 0
58 70 l 0
58 71 o 0
58 72 z 0
58 73 b 0
58 74 v 0
58 75 n 0
58 76 k 0
58 77 r 0
58 78 a 0
58 79 k 0
58 80 v 0
58 81 d 0
58 82 x 0
58 83 r 0
58 84 t 0
58 85 g 0
58 86 v 0
58 87 o 0
58 88 g 0
58 89 j 0
58 90 o 0
58 91 c 0
58 92 g 0
58 93 w 0
58 94 k 0
58 95 e 0
58 96 d 0
58 97 k 0
58 98 z 0
58 99 k 0
59 0 x 0
59 1 f 0
59 2 g 0
59 3 n 0
59 4 l 0
59 5 i 0
59 6 b 0
59 7 u 0
59 8 n 0
59 9 n 0
59 10 h 0
59 11 b 0
59 12 f 0
59 13 s 0
59 14 h 0
59 15 z 0
59 16 b 0
59 17 w 0
59 18 w 0
59 19 v 0
59 20 j 0
59 21 e 0
59 22 c 0
59 23 j 0
59 24 q 0
59 25 p 0
59 26 i 0
59 27 s 0
59 28 k 0
59 29 e 0
59 30 c 0
59 31 b 0
59 32 r 0
59 33 l 0
59 34 s 0
59 35 y 0
59 36 p 0
59 37 l 0
59 38 b 0
59 39 a 0
59 40 w 0
59 41 b 0
59 42 y 0
59 43 r 0
59 44 s 0
59 45 g 0
59 46 v 0
59 47 g 0
59 48 r 0
59 49 a 0
59 50 l 0
59 51 d 0
59 52 e 0
59 53 s 0
59 54 s 0
59 55 q 0
59 56 p 0
59 57 n 0
59 58 x 0
59 59 d 0
59 60 z 0
59 61 c 0
59 62 j 0
59 63 n 0
59 64 c 0
59 65 l 0
59 66 q 0
59 67 a 0
59 68 v 0
59 69 w 0
59 70 d 0
59 71 y 0
59 72 p 0
59 73 h 0
59 74 w 0
59 75 o 0
59 76 j 0
59 77 g 0
59 78 h 0
59 79 o 0
59 80 x 0
59 81 y 0
59 82 m 0
59 83 e 0
59 84 m 0
59 85 o 0
59 86 e 0
59 87 h 0
59 88 b 0
59 89 s 0
59 90 w 0
59 91 w 0
59 92 d 0
59 93 a 0
59 94 i 0
59 95 i 0
59 96 z 0
59 97 p 0
59 98 w 0
59 99 r 0
60 0 x 0
60 1 b 0
60 2 s 0
60 3 m 0
60 4 w 0
60 5 g 0
60 6 p 0
60 7 r 0
60 8 e 0
60 9 k 0
60 10 x 0
60 11 b 0
60 12 h 0
60 13 d 0
60 14 z 0
60 15 k 0
60 16 y 0
60 17 y 0
60 18 n 0
60 19 o 0
60 20 a 0
60 21 x 0
60 22 p 0
60 23 a 0
60 24 n 0
60 25 s 0
60 26 m 0
60 27 f 0
60 28 m 0
60 29 c 0
60 30 g 0
60 31 v 0
60 32 w 0
60 33 x 0
60 34 f 0
60 35 b 0
60 36 d 0
60 37 p 0
60 38 y 0
60 39 d 0
60 40 o 0
60 41 q 0
60 42 s 0
60 43 g 0
60 44 e 0
60 45 y 0
60 46 e 0
60 47 j 0
60 48 v 0
60 49 q 0
60 50 z 0
60 51 v 0
60 52 i 0
60 53 o 0
60 54 a 0
60 55 v 0
60 56 p 0
60 57 m 0
60 58 l 0
60 59 n 0
60 60 p 0
60 61 a 0
60 62 c 0
60 63 p 0
60 64 p 0
60 65 l 0
60 66 k 0
60 67 u 0
60 68 y 0
60 69 j 0
60 70 t 0
60 71 c 0
60 72 u 0
60 73 v 0
60 74 o 0
60 75 c 0
60 76 v 0
60 77 v 0
60 78 a 0
60 79 k 0
60 80 u 0
60 81 m 0
60 82 s 0
60 83 v 0
60 84 j 0
60 85 t 0
60 86 z 0
60 87 l 0
60 88 q 0
60 89 w 0
60 90 p 0
60 91 f 0
60 92 o 0
60 93 d 0
60 94 n 0
60 95 s 0
60 96 y 0
60 97 d 0
60 98 o 0
60 99 z 0
61 0 p 0
61 1 s 0
61 2 p 0
61 3 e 0
61 4 p 0
61 5 s 0
61 6 i 0
61 7 f 0
61 8 o 0
61 9 a 0
61 10 t 0
61 11 r 0
61 12 i 0
61 13 w 0
61 14 j 0
61 15 h 0
61 16 j 0
61 17 q 0
61 18 u 0
61 19 k 0
61 20 w 0
61 21 f 0
61 22 w 0
61 23 x 0
61 24 q 0
61 25 t 0
61 26 k 0
61 27 i 0
61 28 l 0
61 29 p 0
61 30 t 0
61 31 g 0
61 32 w 0
61 33 n 0
61 34 g 0
61 35 o 0
61 36 j 0
61 37 w 0
61 38 u 0
61 39 j 0
61 40 j 0
61 41 a 0
61 42 t 0
61 43 i 0
61 44 c 0
61 45 v 0
61 46 h 0
61 47 h 0
61 48 q 0
61 49 z 0
61 50 b 0
61 51 a 0
61 52 c 0
61 53 r 0
61 54 b 0
61 55 x 0
61 56 o 0
61 57 x 0
61 58 d 0
61 59 s 0
61 60 g 0
61 61 u 0
61 62 v 0
61 63 v 0
61 64 o 0
61 65 b 0
61 66 e 0
61 67 o 0
61 68 n 0
61 69 e 0
61 70 o 0
61 71 h 0
61 72 s 0
61 73 j 0
61 74 m 0
61 75 l 0
61 76 c 0
61 77 i 0
61 78 w 0
61 79 p 0
61 80 b 0
61 81 s 0
61 82 u 0
61 83 z 0
61 84 m 0
61 85 u 0
61 86 w 0
61 87 a 0
61 88 c 0
61 89 z 0
61 90 b 0
61 91 k 0
61 92 f 0
61 93 c 0
61 94 a 0
61 95 g 0
61 96 l 0
61 97 y 0
61 98 y 0
61 99 o 0
62 0 k 0
62 1 a 0
62 2 q 0
62 3 y 0
62 4 h 0
62 5 i 0
62 6 w 0
62 7 w 0
62 8 g 0
62 9 z 0
62 10 e 0
62 11 y 0
62 12 d 0
62 13 s 0
62 14 c 0
62 15 f 0
62 16 v 0
62 17 d 0
62 18 u 0
62 19 i 0
62 20 w 0
62 21 q 0
62 22 s 0
62 23 r 0
62 24 d 0
62 25 o 0
62 26 y 0
62 27 u 0
62 28 h 0
62 29 l 0
62 30 d 0
62 31 h 0
62 32 x 0
62 33 m 0
62 34 i 0
62 35 g 0
62 36 s 0
62 37 z 0
62 38 b 0
62 39 e 0
62 40 b 0
62 41 q 0
62 42 t 0
62 43 b 0
62 44 c 0
62 45 t 0
62 46 b 0
62 47 m 0
62 48 q 0
62 49 r 0
62 50 a 0
62 51 z 0
62 52 b 0
62 53 r 0
62 54 m 0
62 55 r 0
62 56 a 0
62 57 v 0
62 58 p 0
62 59 l 0
62 60 k 0
62 61 c 0
62 62 p 0
62 63 j 0
62 64 x 0
62 65 f 0
62 66 c 0
62 67 j 0
62 68 r 0
62 69 r 0
62 70 s 0
62 71 l 0
62 72 h 0
62 73 u 0
62 74 f 0
62 75 t 0
62 76 x 0
62 77 a 0
62 78 o 0
62 79 c 0
62 80 r 0
62 81 h 0
62 82 d 0
62 83 n 0
62 84 j 0
62 85 k 0
62 86 l 0
62 87 o 0
62 88 m 0
62 89 k 0
62 90 n 0
62 91 n 0
62 92 p 0
62 93 e 0
62 94 v 0
62 95 z 0
62 96 r 0
62 97 o 0
62 98 x 0
62 99 e 0
63 0 l 0
63 1 q 0
63 2 o 0
63 3 a 0
63 4 a 0
63 5 e 0
63 6 u 0
63 7 c 0
63 8 v 0
63 9 q 0
63 10 m 0
63 11 k 0
63 12 j 0
63 13 s 0
63 14 h 0
63 15 z 0
63 16 p 0
63 17 n 0
63 18 f 0
63 19 i 0
63 20 m 0
63 21 b 0
63 22 d 0
63 23 n 0
63 24 o 0
63 25 s 0
63 26 r 0
63 27 l 0
63 28 q 0
63 29 p 0
63 30 o 0
63 31 m 0
63 32 y 0
63 33 d 0
63 34 e 0
63 35 s 0
63 36 l 0
63 37 v 0
63 38 x 0
63 39 g 0
63 40 q 0
63 41 u 0
63 42 l 0
63 43 s 0
63 44 i 0
63 45 l 0
63 46 i 0
63 47 j 0
63 48 k 0
63 49 z 0
63 50 l 0
63 51 j 0
63 52 n 0
63 53 b 0
63 54 e 0
63 55 y 0
63 56 j 0
63 57 z 0
63 58 k 0
63 59 p 0
63 60 r 0
63 61 l 0
63 62 u 0
63 63 h 0
63 64 e 0
63 65 d 0
63 66 a 0
63 67 w 0
63 68 r 0
63 69 x 0
63 70 f 0
63 71 y 0
63 72 m 0
63 73 s 0
63 74 g 0
63 75 c 0
63 76 n 0
63 77 z 0
63 78 z 0
63 79 m 0
63 80 j 0
63 81 d 0
63 82 s 0
63 83 t 0
63 84 e 0
63 85 h 0
63 86 n 0
63 87 u 0
63 88 r 0
63 89 n 0
63 90 w 0
63 91 d 0
63 92 e 0
63 93 b 0
63 94 k 0
63 95 r 0
63 96 k 0
63 97 v 0
63 98 k 0
63 99 i 0
64 0 o 0
64 1 x 0
64 2 q 0
64 3 t 0
64 4 p 0
64 5 e 0
64 6 q 0
64 7 s 0
64 8 b 0
64 9 f 0
64 10 b 0
64 11 t 0
64 12 c 0
64 13 z 0
64 14 p 0
64 15 c 0
64 16 d 0
64 17 t 0
64 18 n 0
64 19 a 0
64 20 n 0
64 21 v 0
64 22 q 0
64 23 i 0
64 24 a 0
64 25 a 0
64 26 o 0
64 27 e 0
64 28 f 0
64 29 c 0
64 30 q 0
64 31 y 0
64 32 r 0
64 33 d 0
64 34 s 0
64 35 f 0
64 36 k 0
64 37 a 0
64 38 r 0
64 39 b 0
64 40 h 0
64 41 y 0
64 42 k 0
64 43 i 0
64 44 n 0
64 45 z 0
64 46 t 0
64 47 q 0
64 48 z 0
64 49 u 0
64 50 q 0
64 51 w 0
64 52 l 0
64 53 v 0
64 54 o 0
64 55 r 0
64 56 y 0
64 57 s 0
64 58 i 0
64 59 a 0
64 60 f 0
64 61 d 0
64 62 p 0
64 63 c 0
64 64 w 0
64 65 e 0
64 66 p 0
64 67 z 0
64 68 x 0
64 69 o 0
64 70 n 0
64 71 c 0
64 72 o 0
64 73 g 0
64 74 m 0
64 75 s 0
64 76 p 0
64 77 k 0
64 78 c 0
64 79 k 0
64 80 s 0
64 81 b 0
64 82 w 0
64 83 k 0
64 84 h 0
64 85 v 0
64 86 q 0
64 87 j 0
64 88 q 0
64 89 q 0
64 90 i 0
64 91 m 0
64 92 q 0
64 93 n 0
64 94 n 0
64 95 m 0
64 96 b 0
64 97 k 0
64 98 e 0
64 99 u 0
65 0 r 0
65 1 w 0
65 2 m 0
65 3 d 0
65 4 j 0
65 5 h 0
65 6 z 0
65 7 f 0
65 8 p 0
65 9 r 0
65 10 a 0
65 11 h 0
65 12 x 0
65 13 n 0
65 14 d 0
65 15 o 0
65 16 j 0
65 17 d 0
65 18 n 0
65 19 m 0
65 20 i 0
65 21 u 0
65 22 h 0
65 23 v 0
65 24 y 0
65 25 o 0
65 26 k 0
65 27 a 0
65 28 d 0
65 29 c 0
65 30 i 0
65 31 u 0
65 32 h 0
65 33 u 0
65 34 t 0
65 35 x 0
65 36 o 0
65 37 h 0
65 38 u 0
65 39 s 0
65 40 j 0
65 41 e 0
65 42 n 0
65 43 t 0
65 44 l 0
65 45 e 0
65 46 n 0
65 47 t 0
65 48 e 0
65 49 a 0
65 50 j 0
65 51 p 0
65 52 j 0
65 53 o 0
65 54 b 0
65 55 w 0
65 56 i 0
65 57 d 0
65 58 v 0
65 59 v 0
65 60 a 0
65 61 a 0
65 62 q 0
65 63 j 0
65 64 z 0
65 65 s 0
65 66 q 0
65 67 y 0
65 68 l 0
65 69 a 0
65 70 o 0
65 71 v 0
65 72 m 0
65 73 l 0
65 74 t 0
65 75 d 0
65 76 g 0
65 77 t 0
65 78 s 0
65 79 v 0
65 80 p 0
65 81 z 0
65 82 v 0
65 83 e 0
65 84 z 0
65 85 s 0
65 86 i 0
65 87 t 0
65 88 w 0
65 89 a 0
65 90 k 0
65 91 t 0
65 92 v 0
65 93 e 0
65 94 s 0
65 95 i 0
65 96 y 0
65 97 h 0
65 98 a 0
65 99 s 0
66 0 e 0
66 1 p 0
66 2 s 0
66 3 r 0
66 4 n 0
66 5 k 0
66 6 d 0
66 7 m 0
66 8 k 0
66 9 p 0
66 10 q 0
66 11 e 0
66 12 j 0
66 13 o 0
66 14 n 0
66 15 n 0
66 16 x 0
66 17 m 0
66 18 x 0
66 19 m 0
66 20 n 0
66 21 f 0
66 22 x 0
66 23 c 0
66 24 s 0
66 25 d 0
66 26 k 0
66 27 f 0
66 28 i 0
66 29 d 0
66 30 s 0
66 31 i 0
66 32 l 0
66 33 r 0
66 34 c 0
66 35 q 0
66 36 e 0
66 37 n 0
66 38 w 0
66 39 y 0
66 40 j 0
66 41 t 0
66 42 m 0
66 43 j 0
66 44 i 0
66 45 i 0
66 46 s 0
66 47 y 0
66 48 f 0
66 49 c 0
66 50 p 0
66 51 c 0
66 52 k 0
66 53 q 0
66 54 o 0
66 55 b 0
66 56 n 0
66 57 t 0
66 58 x 0
66 59 o 0
66 60 h 0
66 61 k 0
66 62 f 0
66 63 k 0
66 64 g 0
66 65 l 0
66 66 s 0
66 67 x 0
66 68 b 0
66 69 p 0
66 70 r 0
66 71 f 0
66 72 g 0
66 73 r 0
66 74 p 0
66 75 f 0
66 76 l 0
66 77 w 0
66 78 o 0
66 79 u 0
66 80 d 0
66 81 v 0
66 82 l 0
66 83 r 0
66 84 a 0
66 85 u 0
66 86 i 0
66 87 v 0
66 88 v 0
66 89 q 0
66 90 z 0
66 91 l 0
66 92 z 0
66 93 a 0
66 94 d 0
66 95 z 0
66 96 t 0
66 97 i 0
66 98 s 0
66 99 q 0
67 0 l 0
67 1 q 0
67 2 b 0
67 3 m 0
67 4 a 0
67 5 c 0
67 6 z 0
67 7 o 0
67 8 x 0
67 9 j 0
67 10 w 0
67 11 y 0
67 12 h 0
67 13 v 0
67 14 l 0
67 15 n 0
67 16 y 0
67 17 f 0
67 18 v 0
67 19 q 0
67 20 e 0
67 21 d 0
67 22 r 0
67 23 o 0
67 24 h 0
67 25 q 0
67 26 t 0
67 27 g 0
67 28 m 0
67 29 y 0
67 30 c 0
67 31 g 0
67 32 s 0
67 33 d 0
67 34 k 0
67 35 h 0
67 36 l 0
67 37 v 0
67 38 s 0
67 39 p 0
67 40 f 0
67 41 w 0
67 42 q 0
67 43 p 0
67 44 z 0
67 45 v 0
67 46 d 0
67 47 z 0
67 48 b 0
67 49 b 0
67 50 y 0
67 51 z 0
67 52 o 0
67 53 f 0
67 54 f 0
67 55 m 0
67 56 m 0
67 57 w 0
67 58 v 0
67 59 k 0
67 60 n 0
67 61 k 0
67 62 v 0
67 63 l 0
67 64 i 0
67 65 j 0
67 66 i 0
67 67 y 0
67 68 q 0
67 69 q 0
67 70 o 0
67 71 w 0
67 72 d 0
67 73 v 0
67 74 x 0
67 75 u 0
67 76 n 0
67 77 r 0
67 78 u 0
67 79 h 0
67 80 p 0
67 81 p 0
67 82 x 0
67 83 v 0
67 84 t 0
67 85 d 0
67 86 e 0
67 87 w 0
67 88 l 0
67 89 h 0
67 90 g 0
67 91 b 0
67 92 q 0
67 93 z 0
67 94 m 0
67 95 n 0
67 96 z 0
67 97 z 0
67 98 c 0
67 99 i 0
68 0 l 0
68 1 c 0
68 2 o 0
68 3 y 0
68 4 d 0
68 5 h 0
68 6 u 0
68 7 x 0
68 8 l 0
68 9 v 0
68 10 q 0
68 11 e 0
68 12 r 0
68 13 d 0
68 14 u 0
68 15 m 0
68 16 u 0
68 17 r 0
68 18 l 0
68 19 m 0
68 20 p 0
68 21 p 0
68 22 k 0
68 23 r 0
68 24 w 0
68 25 s 0
68 26 v 0
68 27 a 0
68 28 n 0
68 29 v 0
68 30 y 0
68 31 g 0
68 32 r 0
68 33 d 0
68 34 r 0
68 35 i 0
68 36 f 0
68 37 k 0
68 38 z 0
68 39 j 0
68 40 k 0
68 41 i 0
68 42 d 0
68 43 a 0
68 44 y 0
68 45 x 0
68 46 g 0
68 47 z 0
68 48 h 0
68 49 p 0
68 50 r 0
68 51 x 0
68 52 a 0
68 53 l 0
68 54 f 0
68 55 b 0
68 56 m 0
68 57 l 0
68 58 i 0
68 59 k 0
68 60 a 0
68 61 l 0
68 62 n 0
68 63 p 0
68 64 q 0
68 65 g 0
68 66 d 0
68 67 h 0
68 68 k 0
68 69 i 0
68 70 c 0
68 71 b 0
68 72 y 0
68 73 i 0
68 74 x 0
68 75 s 0
68 76 b 0
68 77 j 0
68 78 x 0
68 79 v 0
68 80 l 0
68 81 l 0
68 82 o 0
68 83 l 0
68 84 t 0
68 85 o 0
68 86 z 0
68 87 t 0
68 88 g 0
68 89 g 0
68 90 t 0
68 91 f 0
68 92 c 0
68 93 m 0
68 94 p 0
68 95 q 0
68 96 h 0
68 97 g 0
68 98 r 0
68 99 g 0
69 0 n 0
69 1 a 0
69 2 a 0
69 3 d 0
69 4 q 0
69 5 z 0
69 6 b 0
69 7 e 0
69 8 p 0
69 9 o 0
69 10 w 0
69 11 n 0
69 12 n 0
69 13 r 0
69 14 n 0
69 15 o 0
69 16 z 0
69 17 t 0
69 18 o 0
69 19 v 0
69 20 f 0
69 21 a 0
69 22 i 0
69 23 h 0
69 24 x 0
69 25 z 0
69 26 u 0
69 27 a 0
69 28 w 0
69 29 n 0
69 30 s 0
69 31 t 0
69 32 d 0
69 33 i 0
69 34 p 0
69 35 p 0
69 36 y 0
69 37 p 0
69 38 s 0
69 39 o 0
69 40 b 0
69 41 f 0
69 42 y 0
69 43 z 0
69 44 o 0
69 45 y 0
69 46 a 0
69 47 t 0
69 48 i 0
69 49 q 0
69 50 x 0
69 51 k 0
69 52 h 0
69 53 p 0
69 54 j 0
69 55 m 0
69 56 y 0
69 57 t 0
69 58 t 0
69 59 o 0
69 60 m 0
69 61 d 0
69 62 l 0
69 63 s 0
69 64 t 0
69 65 g 0
69 66 u 0
69 67 n 0
69 68 b 0
69 69 w 0
69 70 l 0
69 71 c 0
69 72 p 0
69 73 b 0
69 74 y 0
69 75 v 0
69 76 n 0
69 77 f 0
69 78 a 0
69 79 i 0
69 80 a 0
69 81 k 0
69 82 g 0
69 83 z 0
69 84 f 0
69 85 h 0
69 86 h 0
69 87 j 0
69 88 s 0
69 89 v 0
69 90 i 0
69 91 h 0
69 92 w 0
69 93 k 0
69 94 w 0
69 95 x 0
69 96 s 0
69 97 j 0
69 98 g 0
69 99 v 0
70 0 m 0
70 1 c 0
70 2 g 0
70 3 i 0
70 4 h 0
70 5 d 0
70 6 d 0
70 7 q 0
70 8 g 0
70 9 a 0
70 10 p 0
70 11 t 0
70 12 x 0
70 13 u 0
70 14 m 0
70 15 q 0
70 16 q 0
70 17 z 0
70 18 y 0
70 19 x 0
70 20 d 0
70 21 x 0
70 22 u 0
70 23 f 0
70 24 s 0
70 25 k 0
70 26 s 0
70 27 p 0
70 28 z 0
70 29 x 0
70 30 p 0
70 31 y 0
70 32 g 0
70 33 y 0
70 34 a 0
70 35 b 0
70 36 n 0
70 37 l 0
70 38 h 0
70 39 m 0
70 40 o 0
70 41 t 0
70 42 v 0
70 43 f 0
70 44 g 0
70 45 g 0
70 46 c 0
70 47 j 0
70 48 d 0
70 49 n 0
70 50 m 0
70 51 w 0
70 52 n 0
70 53 q 0
70 54 c 0
70 55 e 0
70 56 x 0
70 57 m 0
70 58 p 0
70 59 v 0
70 60 b 0
70 61 y 0
70 62 b 0
70 63 t 0
70 64 x 0
70 65 p 0
70 66 b 0
70 67 j 0
70 68 g 0
70 69 b 0
70 70 t 0
70 71 u 0
70 72 h 0
70 73 g 0
70 74 f 0
70 75 n 0
70 76 f 0
70 77 i 0
70 78 i 0
70 79 p 0
70 80 c 0
70 81 i 0
70 82 f 0
70 83 h 0
70 84 i 0
70 85 d 0
70 86 i 0
70 87 i 0
70 88 j 0
70 89 i 0
70 90 o 0
70 91 s 0
70 92 a 0
70 93 k 0
70 94 n 0
70 95 p 0
70 96 l 0
70 97 g 0
70 98 u 0
70 99 t 0
71 0 p 0
71 1 e 0
71 2 u 0
71 3 a 0
71 4 d 0
71 5 f 0
71 6 u 0
71 7 m 0
71 8 d 0
71 9 x 0
71 10 q 0
71 11 m 0
71 12 c 0
71 13 y 0
71 14 p 0
71 15 k 0
71 16 x 0
71 17 l 0
71 18 v 0
71 19 j 0
71 20 u 0
71 21 c 0
71 22 e 0
71 23 r 0
71 24 h 0
71 25 o 0
71 26 u 0
71 27 a 0
71 28 g 0
71 29 m 0
71 30 q 0
71 31 q 0
71 32 q 0
71 33 o 0
71 34 i 0
71 35 o 0
71 36 z 0
71 37 p 0
71 38 x 0
71 39 f 0
71 40 a 0
71 41 h 0
71 42 d 0
71 43 r 0
71 44 w 0
71 45 a 0
71 46 j 0
71 47 s 0
71 48 d 0
71 49 x 0
71 50 j 0
71 51 z 0
71 52 x 0
71 53 l 0
71 54 g 0
71 55 p 0
71 56 d 0
71 57 v 0
71 58 v 0
71 59 q 0
71 60 y 0
71 61 v 0
71 62 i 0
71 63 c 0
71 64 z 0
71 65 d 0
71 66 m 0
71 67 f 0
71 68 k 0
71 69 b 0
71 70 i 0
71 71 o 0
71 72 x 0
71 73 d 0
71 74 y 0
71 75 o 0
71 76 x 0
71 77 o 0
71 78 p 0
71 79 v 0
71 80 m 0
71 81 y 0
71 82 g 0
71 83 a 0
71 84 x 0
71 85 u 0
71 86 b 0
71 87 f 0
71 88 x 0
71 89 u 0
71 90 o 0
71 91 j 0
71 92 w 0
71 93 x 0
71 94 h 0
71 95 v 0
71 96 s 0
71 97 e 0
71 98 f 0
71 99 s 0
72 0 a 0
72 1 h 0
72 2 w 0
72 3 j 0
72 4 c 0
72 5 l 0
72 6 b 0
72 7 r 0
72 8 i 0
72 9 d 0
72 10 h 0
72 11 r 0
72 12 x 0
72 13 p 0
72 14 p 0
72 15 l 0
72 16 s 0
72 17 q 0
72 18 g 0
72 19 v 0
72 20 p 0
72 21 w 0
72 22 z 0
72 23 q 0
72 24 x 0
72 25 g 0
72 26 i 0
72 27 h 0
72 28 s 0
72 29 d 0
72 30 z 0
72 31 j 0
72 32 k 0
72 33 b 0
72 34 g 0
72 35 m 0
72 36 e 0
72 37 f 0
72 38 p 0
72 39 b 0
72 40 c 0
72 41 n 0
72 42 p 0
72 43 i 0
72 44 q 0
72 45 a 0
72 46 p 0
72 47 n 0
72 48 q 0
72 49 j 0
72 50 z 0
72 51 r 0
72 52 i 0
72 53 q 0
72 54 z 0
72 55 f 0
72 56 j 0
72 57 x 0
72 58 h 0
72 59 p 0
72 60 j 0
72 61 p 0
72 62 o 0
72 63 p 0
72 64 c 0
72 65 a 0
72 66 e 0
72 67 o 0
72 68 d 0
72 69 l 0
72 70 s 0
72 71 f 0
72 72 g 0
72 73 e 0
72 74 w 0
72 75 g 0
72 76 j 0
72 77 o 0
72 78 s 0
72 79 z 0
72 80 e 0
72 81 k 0
72 82 s 0
72 83 a 0
72 84 j 0
72 85 j 0
72 86 h 0
72 87 j 0
72 88 e 0
72 89 d 0
72 90 g 0
72 91 y 0
72 92 v 0
72 93 y 0
72 94 n 0
72 95 q 0
72 96 f 0
72 97 i 0
72 98 m 0
72 99 o 0
73 0 p 0
73 1 c 0
73 2 n 0
73 3 x 0
73 4 n 0
73 5 i 0
73 6 z 0
73 7 j 0
73 8 r 0
73 9 p 0
73 10 s 0
73 11 o 0
73 12 m 0
73 13 c 0
73 14 n 0
73 15 p 0
73 16 t 0
73 17 s 0
73 18 m 0
73 19 b 0
73 20 l 0
73 21 n 0
73 22 i 0
73 23 q 0
73 24 z 0
73 25 r 0
73 26 q 0
73 27 j 0
73 28 p 0
73 29 m 0
73 30 v 0
73 31 t 0
73 32 d 0
73 33 q 0
73 34 o 0
73 35 p 0
73 36 a 0
73 37 a 0
73 38 m 0
73 39 r 0
73 40 c 0
73 41 s 0
73 42 b 0
73 43 t 0
73 44 z 0
73 45 p 0
73 46 e 0
73 47 o 0
73 48 m 0
73 49 c 0
73 50 y 0
73 51 a 0
73 52 b 0
73 53 g 0
73 54 g 0
73 55 p 0
73 56 j 0
73 57 e 0
73 58 a 0
73 59 h 0
73 60 h 0
73 61 r 0
73 62 d 0
73 63 u 0
73 64 j 0
73 65 l 0
73 66 c 0
73 67 o 0
73 68 k 0
73 69 w 0
73 70 r 0
73 71 e 0
73 72 m 0
73 73 j 0
73 74 z 0
73 75 n 0
73 76 k 0
73 77 u 0
73 78 u 0
73 79 a 0
73 80 t 0
73 81 b 0
73 82 q 0
73 83 z 0
73 84 v 0
73 85 b 0
73 86 a 0
73 87 j 0
73 88 s 0
73 89 k 0
73 90 o 0
73 91 p 0
73 92 z 0
73 93 n 0
73 94 q 0
73 95 z 0
73 96 j 0
73 97 p 0
73 98 g 0
73 99 u 0
74 0 q 0
74 1 h 0
74 2 n 0
74 3 l 0
74 4 v 0
74 5 l 0
74 6 v 0
74 7 o 0
74 8 b 0
74 9 c 0
74 10 u 0
74 11 b 0
74 12 j 0
74 13 n 0
74 14 l 0
74 15 e 0
74 16 a 0
74 17 e 0
74 18 l 0
74 19 s 0
74 20 u 0
74 21 w 0
74 22 o 0
74 23 w 0
74 24 j 0
74 25 f 0
74 26 i 0
74 27 w 0
74 28 l 0
74 29 f 0
74 30 u 0
74 31 m 0
74 32 u 0
74 33 f 0
74 34 c 0
74 35 u 0
74 36 v 0
74 37 o 0
74 38 j 0
74 39 n 0
74 40 e 0
74 41 x 0
74 42 x 0
74 43 p 0
74 44 l 0
74 45 p 0
74 46 i 0
74 47 p 0
74 48 x 0
74 49 i 0
74 50 v 0
74 51 a 0
74 52 w 0
74 53 l 0
74 54 l 0
74 55 z 0
74 56 f 0
74 57 a 0
74 58 t 0
74 59 e 0
74 60 z 0
74 61 s 0
74 62 s 0
74 63 i 0
74 64 g 0
74 65 x 0
74 66 o 0
74 67 s 0
74 68 u 0
74 69 b 0
74 70 x 0
74 71 p 0
74 72 d 0
74 73 g 0
74 74 j 0
74 75 r 0
74 76 x 0
74 77 c 0
74 78 k 0
74 79 q 0
74 80 k 0
74 81 u 0
74 82 y 0
74 83 n 0
74 84 r 0
74 85 z 0
74 86 i 0
74 87 p 0
74 88 u 0
74 89 w 0
74 90 p 0
74 91 d 0
74 92 v 0
74 93 q 0
74 94 r 0
74 95 u 0
74 96 g 0
74 97 l 0
74 98 e 0
74 99 o 0
75 0 f 0
75 1 z 0
75 2 y 0
75 3 o 0
75 4 w 0
75 5 r 0
75 6 a 0
75 7 w 0
75 8 f 0
75 9 w 0
75 10 e 0
75 11 d 0
75 12 c 0
75 13 j 0
75 14 g 0
75 15 e 0
75 16 t 0
75 17 k 0
75 18 i 0
75 19 o 0
75 20 c 0
75 21 q 0
75 22 w 0
75 23 n 0
75 24 y 0
75 25 b 0
75 26 o 0
75 27 t 0
75 28 o 0
75 29 h 0
75 30 q 0
75 31 u 0
75 32 v 0
75 33 s 0
75 34 f 0
75 35 f 0
75 36 a 0
75 37 t 0
75 38 r 0
75 39 k 0
75 40 n 0
75 41 r 0
75 42 f 0
75 43 f 0
75 44 i 0
75 45 z 0
75 46 y 0
75 47 y 0
75 48 r 0
75 49 e 0
75 50 x 0
75 51 a 0
75 52 w 0
75 53 u 0
75 54 q 0
75 55 e 0
75 56 e 0
75 57 t 0
75 58 b 0
75 59 k 0
75 60 l 0
75 61 z 0
75 62 a 0
75 63 g 0
75 64 e 0
75 65 v 0
75 66 q 0
75 67 l 0
75 68 f 0
75 69 j 0
75 70 x 0
75 71 u 0
75 72 b 0
75 73 j 0
75 74 y 0
75 75 r 0
75 76 s 0
75 77 d 0
75 78 g 0
75 79 u 0
75 80 i 0
75 81 w 0
75 82 g 0
75 83 l 0
75 84 g 0
75 85 b 0
75 86 v 0
75 87 a 0
75 88 p 0
75 89 f 0
75 90 p 0
75 91 j 0
75 92 m 0
75 93 u 0
75 94 i 0
75 95 n 0
75 96 m 0
75 97 g 0
75 98 z 0
75 99 y 0
76 0 w 0
76 1 v 0
76 2 q 0
76 3 g 0
76 4 d 0
76 5 j 0
76 6 f 0
76 7 r 0
76 8 c 0
76 9 m 0
76 10 b 0
76 11 e 0
76 12 x 0
76 13 u 0
76 14 j 0
76 15 f 0
76 16 b 0
76 17 e 0
76 18 u 0
76 19 a 0
76 20 l 0
76 21 j 0
76 22 o 0
76 23 u 0
76 24 w 0
76 25 x 0
76 26 j 0
76 27 e 0
76 28 r 0
76 29 a 0
76 30 i 0
76 31 q 0
76 32 t 0
76 33 p 0
76 34 u 0
76 35 p 0
76 36 a 0
76 37 x 0
76 38 h 0
76 39 i 0
76 40 r 0
76 41 g 0
76 42 t 0
76 43 e 0
76 44 f 0
76 45 o 0
76 46 s 0
76 47 a 0
76 48 m 0
76 49 k 0
76 50 k 0
76 51 e 0
76 52 h 0
76 53 z 0
76 54 j 0
76 55 y 0
76 56 v 0
76 57 y 0
76 58 e 0
76 59 f 0
76 60 e 0
76 61 x 0
76 62 t 0
76 63 u 0
76 64 t 0
76 65 j 0
76 66 n 0
76 67 x 0
76 68 p 0
76 69 d 0
76 70 b 0
76 71 o 0
76 72 i 0
76 73 f 0
76 74 h 0
76 75 v 0
76 76 p 0
76 77 i 0
76 78 w 0
76 79 w 0
76 80 z 0
76 81 g 0
76 82 e 0
76 83 f 0
76 84 b 0
76 85 w 0
76 86 y 0
76 87 w 0
76 88 t 0
76 89 m 0
76 90 x 0
76 91 t 0
76 92 i 0
76 93 h 0
76 94 k 0
76 95 p 0
76 96 t 0
76 97 w 0
76 98 w 0
76 99 c 0
77 0 k 0
77 1 f 0
77 2 x 0
77 3 h 0
77 4 t 0
77 5 q 0
77 6 s 0
77 7 g 0
77 8 r 0
77 9 j 0
77 10 n 0
77 11 y 0
77 12 o 0
77 13 l 0
77 14 z 0
77 15 s 0
77 16 z 0
77 17 j 0
77 18 q 0
77 19 i 0
77 20 t 0
77 21 t 0
77 22 q 0
77 23 j 0
77 24 u 0
77 25 t 0
77 26 f 0
77 27 s 0
77 28 o 0
77 29 o 0
77 30 v 0
77 31 i 0
77 32 m 0
77 33 v 0
77 34 f 0
77 35 x 0
77 36 c 0
77 37 n 0
77 38 f 0
77 39 l 0
77 40 x 0
77 41 g 0
77 42 a 0
77 43 s 0
77 44 x 0
77 45 s 0
77 46 b 0
77 47 g 0
77 48 x 0
77 49 l 0
77 50 n 0
77 51 c 0
77 52 q 0
77 53 d 0
77 54 v 0
77 55 v 0
77 56 a 0
77 57 t 0
77 58 z 0
77 59 x 0
77 60 l 0
77 61 n 0
77 62 u 0
77 63 y 0
77 64 x 0
77 65 n 0
77 66 s 0
77 67 o 0
77 68 n 0
77 69 e 0
77 70 e 0
77 71 w 0
77 72 b 0
77 73 i 0
77 74 y 0
77 75 f 0
77 76 b 0
77 77 h 0
77 78 i 0
77 79 k 0
77 80 b 0
77 81 f 0
77 82 b 0
77 83 i 0
77 84 n 0
77 85 t 0
77 86 r 0
77 87 t 0
77 88 l 0
77 89 p 0
77 90 q 0
77 91 r 0
77 92 w 0
77 93 m 0
77 94 b 0
77 95 j 0
77 96 l 0
77 97 z 0
77 98 o 0
77 99 f 0
78 0 h 0
78 1 r 0
78 2 n 0
78 3 i 0
78 4 x 0
78 5 f 0
78 6 p 0
78 7 h 0
78 8 i 0
78 9 o 0
78 10 v 0
78 11 q 0
78 12 h 0
78 13 k 0
78 14 n 0
78 15 n 0
78 16 p 0
78 17 h 0
78 18 a 0
78 19 f 0
78 20 x 0
78 21 b 0
78 22 j 0
78 23 q 0
78 24 m 0
78 25 n 0
78 26 c 0
78 27 p 0
78 28 w 0
78 29 p 0
78 30 z 0
78 31 n 0
78 32 z 0
78 33 c 0
78 34 b 0
78 35 c 0
78 36 e 0
78 37 g 0
78 38 a 0
78 39 z 0
78 40 i 0
78 41 o 0
78 42 t 0
78 43 f 0
78 44 c 0
78 45 d 0
78 46 m 0
78 47 e 0
78 48 j 0
78 49 l 0
78 50 y 0
78 51 t 0
78 52 d 0
78 53 g 0
78 54 k 0
78 55 k 0
78 56 y 0
78 57 r 0
78 58 o 0
78 59 i 0
78 60 k 0
78 61 e 0
78 62 z 0
78 63 d 0
78 64 k 0
78 65 w 0
78 66 r 0
78 67 r 0
78 68 s 0
78 69 y 0
78 70 l 0
78 71 f 0
78 72 u 0
78 73 h 0
78 74 c 0
78 75 o 0
78 76 u 0
78 77 j 0
78 78 p 0
78 79 j 0
78 80 j 0
78 81 c 0
78 82 s 0
78 83 c 0
78 84 v 0
78 85 t 0
78 86 o 0
78 87 d 0
78 88 q 0
78 89 x 0
78 90 l 0
78 91 l 0
78 92 z 0
78 93 q 0
78 94 w 0
78 95 y 0
78 96 r 0
78 97 j 0
78 98 y 0
78 99 e 0
79 0 o 0
79 1 k 0
79 2 z 0
79 3 q 0
79 4 j 0
79 5 n 0
79 6 q 0
79 7 w 0
79 8 q 0
79 9 b 0
79 10 f 0
79 11 c 0
79 12 q 0
79 13 f 0
79 14 k 0
79 15 s 0
79 16 c 0
79 17 z 0
79 18 n 0
79 19 z 0
79 20 m 0
79 21 p 0
79 22 p 0
79 23 u 0
79 24 b 0
79 25 p 0
79 26 k 0
79 27 l 0
79 28 n 0
79 29 l 0
79 30 p 0
79 31 n 0
79 32 z 0
79 33 o 0
79 34 u 0
79 35 k 0
79 36 a 0
79 37 e 0
79 38 w 0
79 39 h 0
79 40 h 0
79 41 q 0
79 42 u 0
79 43 s 0
79 44 t 0
79 45 i 0
79 46 r 0
79 47 t 0
79 48 w 0
79 49 n 0
79 50 i 0
79 51 h 0
79 52 r 0
79 53 o 0
79 54 a 0
79 55 r 0
79 56 z 0
79 57 i 0
79 58 a 0
79 59 a 0
79 60 b 0
79 61 c 0
79 62 n 0
79 63 o 0
79 64 m 0
79 65 y 0
79 66 u 0
79 67 l 0
79 68 m 0
79 69 g 0
79 70 r 0
79 71 q 0
79 72 c 0
79 73 q 0
79 74 m 0
79 75 q 0
79 76 o 0
79 77 h 0
79 78 z 0
79 79 g 0
79 80 k 0
79 81 o 0
79 82 m 0
79 83 q 0
79 84 q 0
79 85 x 0
79 86 y 0
79 87 m 0
79 88 v 0
79 89 h 0
79 90 j 0
79 91 e 0
79 92 t 0
79 93 u 0
79 94 z 0
79 95 a 0
79 96 h 0
79 97 k 0
79 98 o 0
79 99 h 0
80 0 p 0
80 1 m 0
80 2 l 0
80 3 f 0
80 4 b 0
80 5 x 0
80 6 p 0
80 7 l 0
80 8 i 0
80 9 m 0
80 10 g 0
80 11 r 0
80 12 a 0
80 13 u 0
80 14 e 0
80 15 m 0
80 16 t 0
80 17 k 0
80 18 d 0
80 19 y 0
80 20 k 0
80 21 l 0
80 22 i 0
80 23 o 0
80 24 f 0
80 25 d 0
80 26 y 0
80 27 w 0
80 28 p 0
80 29 q 0
80 30 t 0
80 31 t 0
80 32 c 0
80 33 u 0
80 34 b 0
80 35 i 0
80 36 z 0
80 37 x 0
80 38 d 0
80 39 s 0
80 40 c 0
80 41 b 0
80 42 q 0
80 43 q 0
80 44 h 0
80 45 k 0
80 46 n 0
80 47 j 0
80 48 t 0
80 49 p 0
80 50 m 0
80 51 n 0
80 52 h 0
80 53 e 0
80 54 w 0
80 55 z 0
80 56 q 0
80 57 l 0
80 58 w 0
80 59 i 0
80 60 w 0
80 61 s 0
80 62 v 0
80 63 u 0
80 64 m 0
80 65 g 0
80 66 l 0
80 67 o 0
80 68 a 0
80 69 k 0
80 70 d 0
80 71 m 0
80 72 y 0
80 73 r 0
80 74 p 0
80 75 r 0
80 76 i 0
80 77 d 0
80 78 t 0
80 79 l 0
80 80 t 0
80 81 w 0
80 82 b 0
80 83 z 0
80 84 a 0
80 85 c 0
80 86 t 0
80 87 g 0
80 88 r 0
80 89 j 0
80 90 b 0
80 91 h 0
80 92 s 0
80 93 d 0
80 94 l 0
80 95 v 0
80 96 l 0
80 97 y 0
80 98 t 0
80 99 w 0
81 0 k 0
81 1 l 0
81 2 g 0
81 3 m 0
81 4 m 0
81 5 z 0
81 6 q 0
81 7 k 0
81 8 f 0
81 9 s 0
81 10 v 0
81 11 g 0
81 12 n 0
81 13 z 0
81 14 w 0
81 15 o 0
81 16 t 0
81 17 s 0
81 18 l 0
81 19 x 0
81 20 p 0
81 21 y 0
81 22 e 0
81 23 y 0
81 24 f 0
81 25 b 0
81 26 a 0
81 27 e 0
81 28 g 0
81 29 i 0
81 30 l 0
81 31 q 0
81 32 z 0
81 33 l 0
81 34 i 0
81 35 c 0
81 36 u 0
81 37 r 0
81 38 i 0
81 39 v 0
81 40 s 0
81 41 h 0
81 42 a 0
81 43 g 0
81 44 d 0
81 45 k 0
81 46 o 0
81 47 f 0
81 48 i 0
81 49 e 0
81 50 e 0
81 51 v 0
81 52 w 0
81 53 f 0
81 54 m 0
81 55 a 0
81 56 t 0
81 57 l 0
81 58 n 0
81 59 j 0
81 60 o 0
81 61 m 0
81 62 l 0
81 63 e 0
81 64 k 0
81 65 v 0
81 66 a 0
81 67 k 0
81 68 q 0
81 69 s 0
81 70 h 0
81 71 o 0
81 72 c 0
81 73 p 0
81 74 y 0
81 75 x 0
81 76 p 0
81 77 q 0
81 78 v 0
81 79 m 0
81 80 f 0
81 81 t 0
81 82 p 0
81 83 i 0
81 84 m 0
81 85 p 0
81 86 o 0
81 87 b 0
81 88 h 0
81 89 v 0
81 90 w 0
81 91 o 0
81 92 x 0
81 93 w 0
81 94 t 0
81 95 a 0
81 96 j 0
81 97 m 0
81 98 j 0
81 99 r 0
82 0 m 0
82 1 n 0
82 2 d 0
82 3 z 0
82 4 y 0
82 5 t 0
82 6 w 0
82 7 o 0
82 8 p 0
82 9 k 0
82 10 j 0
82 11 l 0
82 12 x 0
82 13 m 0
82 14 w 0
82 15 u 0
82 16 h 0
82 17 k 0
82 18 y 0
82 19 n 0
82 20 v 0
82 21 z 0
82 22 c 0
82 23 e 0
82 24 a 0
82 25 l 0
82 26 t 0
82 27 q 0
82 28 e 0
82 29 z 0
82 30 p 0
82 31 m 0
82 32 u 0
82 33 c 0
82 34 y 0
82 35 a 0
82 36 i 0
82 37 f 0
82 38 b 0
82 39 b 0
82 40 a 0
82 41 x 0
82 42 s 0
82 43 r 0
82 44 g 0
82 45 m 0
82 46 q 0
82 47 q 0
82 48 w 0
82 49 d 0
82 50 z 0
82 51 g 0
82 52 z 0
82 53 c 0
82 54 u 0
82 55 j 0
82 56 l 0
82 57 k 0
82 58 p 0
82 59 m 0
82 60 b 0
82 61 k 0
82 62 d 0
82 63 w 0
82 64 b 0
82 65 q 0
82 66 k 0
82 67 z 0
82 68 d 0
82 69 k 0
82 70 d 0
82 71 u 0
82 72 m 0
82 73 k 0
82 74 x 0
82 75 v 0
82 76 h 0
82 77 o 0
82 78 u 0
82 79 o 0
82 80 z 0
82 81 l 0
82 82 o 0
82 83 u 0
82 84 x 0
82 85 k 0
82 86 d 0
82 87 p 0
82 88 u 0
82 89 u 0
82 90 y 0
82 91 k 0
82 92 c 0
82 93 g 0
82 94 m 0
82 95 e 0
82 96 b 0
82 97 o 0
82 98 g 0
82 99 x 0
83 0 c 0
83 1 o 0
83 2 g 0
83 3 h 0
83 4 p 0
83 5 q 0
83 6 u 0
83 7 b 0
83 8 g 0
83 9 s 0
83 10 w 0
83 11 u 0
83 12 d 0
83 13 x 0
83 14 u 0
83 15 w 0
83 16 o 0
83 17 l 0
83 18 a 0
83 19 j 0
83 20 g 0
83 21 e 0
83 22 w 0
83 23 v 0
83 24 m 0
83 25 t 0
83 26 r 0
83 27 f 0
83 28 h 0
83 29 k 0
83 30 v 0
83 31 i 0
83 32 f 0
83 33 v 0
83 34 r 0
83 35 g 0
83 36 m 0
83 37 c 0
83 38 z 0
83 39 w 0
83 40 n 0
83 41 i 0
83 42 t 0
83 43 x 0
83 44 m 0
83 45 l 0
83 46 s 0
83 47 i 0
83 48 r 0
83 49 b 0
83 50 r 0
83 51 g 0
83 52 x 0
83 53 k 0
83 54 c 0
83 55 z 0
83 56 z 0
83 57 b 0
83 58 k 0
83 59 a 0
83 60 f 0
83 61 u 0
83 62 c 0
83 63 z 0
83 64 o 0
83 65 e 0
83 66 e 0
83 67 l 0
83 68 a 0
83 69 t 0
83 70 o 0
83 71 o 0
83 72 y 0
83 73 y 0
83 74 x 0
83 75 p 0
83 76 i 0
83 77 s 0
83 78 e 0
83 79 j 0
83 80 i 0
83 81 z 0
83 82 i 0
83 83 p 0
83 84 c 0
83 85 m 0
83 86 u 0
83 87 j 0
83 88 v 0
83 89 s 0
83 90 b 0
83 91 r 0
83 92 t 0
83 93 h 0
83 94 v 0
83 95 w 0
83 96 w 0
83 97 o 0
83 98 o 0
83 99 s 0
84 0 o 0
84 1 z 0
84 2 w 0
84 3 l 0
84 4 p 0
84 5 r 0
84 6 z 0
84 7 m 0
84 8 y 0
84 9 k 0
84 10 d 0
84 11 a 0
84 12 r 0
84 13 n 0
84 14 y 0
84 15 q 0
84 16 o 0
84 17 f 0
84 18 v 0
84 19 c 0
84 20 r 0
84 21 d 0
84 22 x 0
84 23 s 0
84 24 x 0
84 25 q 0
84 26 y 0
84 27 m 0
84 28 i 0
84 29 h 0
84 30 o 0
84 31 h 0
84 32 v 0
84 33 d 0
84 34 r 0
84 35 h 0
84 36 y 0
84 37 z 0
84 38 b 0
84 39 c 0
84 40 b 0
84 41 q 0
84 42 v 0
84 43 e 0
84 44 a 0
84 45 w 0
84 46 s 0
84 47 e 0
84 48 o 0
84 49 p 0
84 50 a 0
84 51 t 0
84 52 s 0
84 53 a 0
84 54 q 0
84 55 e 0
84 56 q 0
84 57 t 0
84 58 w 0
84 59 e 0
84 60 k 0
84 61 g 0
84 62 o 0
84 63 j 0
84 64 b 0
84 65 g 0
84 66 r 0
84 67 w 0
84 68 v 0
84 69 i 0
84 70 r 0
84 71 o 0
84 72 x 0
84 73 o 0
84 74 b 0
84 75 d 0
84 76 m 0
84 77 a 0
84 78 b 0
84 79 y 0
84 80 h 0
84 81 n 0
84 82 e 0
84 83 g 0
84 84 o 0
84 85 z 0
84 86 p 0
84 87 i 0
84 88 a 0
84 89 q 0
84 90 b 0
84 91 y 0
84 92 a 0
84 93 h 0
84 94 y 0
84 95 l 0
84 96 w 0
84 97 b 0
84 98 k 0
84 99 m 0
85 0 q 0
85 1 j 0
85 2 p 0
85 3 v 0
85 4 p 0
85 5 s 0
85 6 i 0
85 7 e 0
85 8 n 0
85 9 f 0
85 10 v 0
85 11 i 0
85 12 m 0
85 13 a 0
85 14 s 0
85 15 h 0
85 16 f 0
85 17 e 0
85 18 f 0
85 19 b 0
85 20 r 0
85 21 i 0
85 22 x 0
85 23 l 0
85 24 d 0
85 25 t 0
85 26 e 0
85 27 n 0
85 28 o 0
85 29 i 0
85 30 o 0
85 31 n 0
85 32 t 0
85 33 r 0
85 34 f 0
85 35 u 0
85 36 d 0
85 37 z 0
85 38 f 0
85 39 z 0
85 40 t 0
85 41 s 0
85 42 p 0
85 43 k 0
85 44 n 0
85 45 l 0
85 46 f 0
85 47 x 0
85 48 g 0
85 49 f 0
85 50 m 0
85 51 e 0
85 52 f 0
85 53 a 0
85 54 d 0
85 55 s 0
85 56 i 0
85 57 p 0
85 58 j 0
85 59 u 0
85 60 x 0
85 61 e 0
85 62 i 0
85 63 l 0
85 64 a 0
85 65 p 0
85 66 o 0
85 67 j 0
85 68 h 0
85 69 j 0
85 70 m 0
85 71 r 0
85 72 o 0
85 73 a 0
85 74 r 0
85 75 y 0
85 76 j 0
85 77 y 0
85 78 v 0
85 79 z 0
85 80 j 0
85 81 s 0
85 82 x 0
85 83 y 0
85 84 m 0
85 85 t 0
85 86 r 0
85 87 l 0
85 88 s 0
85 89 d 0
85 90 t 0
85 91 g 0
85 92 q 0
85 93 l 0
85 94 h 0
85 95 e 0
85 96 g 0
85 97 c 0
85 98 b 0
85 99 o 0
86 0 h 0
86 1 k 0
86 2 b 0
86 3 i 0
86 4 h 0
86 5 v 0
86 6 f 0
86 7 a 0
86 8 k 0
86 9 o 0
86 10 j 0
86 11 i 0
86 12 g 0
86 13 f 0
86 14 g 0
86 15 o 0
86 16 r 0
86 17 p 0
86 18 a 0
86 19 e 0
86 20 g 0
86 21 c 0
86 22 b 0
86 23 q 0
86 24 n 0
86 25 m 0
86 26 k 0
86 27 m 0
86 28 x 0
86 29 q 0
86 30 y 0
86 31 t 0
86 32 v 0
86 33 z 0
86 34 f 0
86 35 f 0
86 36 y 0
86 37 d 0
86 38 y 0
86 39 w 0
86 40 g 0
86 41 v 0
86 42 h 0
86 43 x 0
86 44 j 0
86 45 t 0
86 46 v 0
86 47 q 0
86 48 c 0
86 49 o 0
86 50 y 0
86 51 i 0
86 52 p 0
86 53 t 0
86 54 l 0
86 55 t 0
86 56 o 0
86 57 v 0
86 58 k 0
86 59 g 0
86 60 m 0
86 61 n 0
86 62 x 0
86 63 k 0
86 64 n 0
86 65 m 0
86 66 f 0
86 67 u 0
86 68 k 0
86 69 u 0
86 70 t 0
86 71 d 0
86 72 s 0
86 73 j 0
86 74 c 0
86 75 o 0
86 76 h 0
86 77 e 0
86 78 g 0
86 79 o 0
86 80 r 0
86 81 r 0
86 82 p 0
86 83 r 0
86 84 g 0
86 85 x 0
86 86 p 0
86 87 g 0
86 88 r 0
86 89 p 0
86 90 a 0
86 91 r 0
86 92 b 0
86 93 g 0
86 94 n 0
86 95 u 0
86 96 f 0
86 97 q 0
86 98 q 0
86 99 w 0
87 0 n 0
87 1 p 0
87 2 t 0
87 3 h 0
87 4 a 0
87 5 b 0
87 6 w 0
87 7 h 0
87 8 r 0
87 9 j 0
87 10 j 0
87 11 h 0
87 12 z 0
87 13 a 0
87 14 e 0
87 15 d 0
87 16 e 0
87 17 x 0
87 18 u 0
87 19 r 0
87 20 t 0
87 21 w 0
87 22 j 0
87 23 p 0
87 24 x 0
87 25 p 0
87 26 i 0
87 27 y 0
87 28 h 0
87 29 b 0
87 30 n 0
87 31 k 0
87 32 f 0
87 33 k 0
87 34 m 0
87 35 c 0
87 36 p 0
87 37 m 0
87 38 p 0
87 39 t 0
87 40 x 0
87 41 z 0
87 42 o 0
87 43 c 0
87 44 z 0
87 45 x 0
87 46 o 0
87 47 r 0
87 48 k 0
87 49 y 0
87 50 j 0
87 51 y 0
87 52 q 0
87 53 p 0
87 54 u 0
87 55 e 0
87 56 j 0
87 57 l 0
87 58 p 0
87 59 q 0
87 60 k 0
87 61 d 0
87 62 u 0
87 63 r 0
87 64 b 0
87 65 s 0
87 66 y 0
87 67 n 0
87 68 a 0
87 69 w 0
87 70 a 0
87 71 f 0
87 72 c 0
87 73 d 0
87 74 o 0
87 75 w 0
87 76 v 0
87 77 g 0
87 78 i 0
87 79 g 0
87 80 l 0
87 81 k 0
87 82 q 0
87 83 r 0
87 84 y 0
87 85 q 0
87 86 u 0
87 87 z 0
87 88 k 0
87 89 j 0
87 90 n 0
87 91 p 0
87 92 m 0
87 93 a 0
87 94 f 0
87 95 e 0
87 96 c 0
87 97 h 0
87 98 f 0
87 99 d 0
88 0 w 0
88 1 q 0
88 2 r 0
88 3 j 0
88 4 u 0
88 5 s 0
88 6 o 0
88 7 k 0
88 8 r 0
88 9 n 0
88 10 a 0
88 11 v 0
88 12 e 0
88 13 m 0
88 14 f 0
88 15 s 0
88 16 m 0
88 17 c 0
88 18 a 0
88 19 r 0
88 20 u 0
88 21 s 0
88 22 t 0
88 23 r 0
88 24 j 0
88 25 y 0
88 26 j 0
88 27 m 0
88 28 h 0
88 29 j 0
88 30 y 0
88 31 d 0
88 32 i 0
88 33 m 0
88 34 w 0
88 35 z 0
88 36 v 0
88 37 u 0
88 38 d 0
88 39 d 0
88 40 d 0
88 41 z 0
88 42 a 0
88 43 g 0
88 44 t 0
88 45 i 0
88 46 y 0
88 47 o 0
88 48 d 0
88 49 y 0
88 50 r 0
88 51 s 0
88 52 a 0
88 53 d 0
88 54 b 0
88 55 a 0
88 56 x 0
88 57 o 0
88 58 b 0
88 59 c 0
88 60 m 0
88 61 a 0
88 62 x 0
88 63 m 0
88 64 u 0
88 65 p 0
88 66 y 0
88 67 a 0
88 68 n 0
88 69 x 0
88 70 x 0
88 71 t 0
88 72 n 0
88 73 p 0
88 74 w 0
88 75 e 0
88 76 g 0
88 77 c 0
88 78 q 0
88 79 x 0
88 80 t 0
88 81 p 0
88 82 h 0
88 83 k 0
88 84 b 0
88 85 z 0
88 86 k 0
88 87 b 0
88 88 t 0
88 89 c 0
88 90 m 0
88 91 n 0
88 92 g 0
88 93 s 0
88 94 b 0
88 95 n 0
88 96 q 0
88 97 a 0
88 98 l 0
88 99 y 0
89 0 n 0
89 1 p 0
89 2 w 0
89 3 o 0
89 4 x 0
89 5 p 0
89 6 v 0
89 7 g 0
89 8 e 0
89 9 e 0
89 10 f 0
89 11 e 0
89 12 b 0
89 13 e 0
89 14 o 0
89 15 g 0
89 16 g 0
89 17 h 0
89 18 o 0
89 19 n 0
89 20 s 0
89 21 o 0
89 22 n 0
89 23 l 0
89 24 q 0
89 25 y 0
89 26 k 0
89 27 t 0
89 28 f 0
89 29 t 0
89 30 a 0
89 31 d 0
89 32 o 0
89 33 k 0
89 34 a 0
89 35 m 0
89 36 m 0
89 37 s 0
89 38 k 0
89 39 f 0
89 40 c 0
89 41 s 0
89 42 h 0
89 43 m 0
89 44 l 0
89 45 r 0
89 46 x 0
89 47 i 0
89 48 l 0
89 49 c 0
89 50 x 0
89 51 v 0
89 52 d 0
89 53 o 0
89 54 p 0
89 55 k 0
89 56 y 0
89 57 f 0
89 58 u 0
89 59 b 0
89 60 c 0
89 61 v 0
89 62 u 0
89 63 m 0
89 64 m 0
89 65 g 0
89 66 r 0
89 67 a 0
89 68 f 0
89 69 q 0
89 70 e 0
89 71 t 0
89 72 u 0
89 73 k 0
89 74 a 0
89 75 d 0
89 76 t 0
89 77 x 0
89 78 g 0
89 79 y 0
89 80 o 0
89 81 w 0
89 82 m 0
89 83 i 0
89 84 c 0
89 85 e 0
89 86 k 0
89 87 x 0
89 88 z 0
89 89 a 0
89 90 o 0
89 91 v 0
89 92 j 0
89 93 c 0
89 94 z 0
89 95 z 0
89 96 j 0
89 97 a 0
89 98 p 0
89 99 g 0
90 0 k 0
90 1 x 0
90 2 b 0
90 3 u 0
90 4 n 0
90 5 k 0
90 6 y 0
90 7 c 0
90 8 f 0
90 9 w 0
90 10 q 0
90 11 i 0
90 12 h 0
90 13 s 0
90 14 n 0
90 15 c 0
90 16 f 0
90 17 v 0
90 18 s 0
90 19 m 0
90 20 e 0
90 21 d 0
90 22 m 0
90 23 y 0
90 24 o 0
90 25 e 0
90 26 s 0
90 27 q 0
90 28 r 0
90 29 i 0
90 30 p 0
90 31 n 0
90 32 y 0
90 33 w 0
90 34 e 0
90 35 a 0
90 36 g 0
90 37 z 0
90 38 s 0
90 39 v 0
90 40 t 0
90 41 c 0
90 42 p 0
90 43 t 0
90 44 t 0
90 45 d 0
90 46 k 0
90 47 a 0
90 48 d 0
90 49 z 0
90 50 w 0
90 51 c 0
90 52 u 0
90 53 h 0
90 54 m 0
90 55 w 0
90 56 b 0
90 57 y 0
90 58 m 0
90 59 t 0
90 60 j 0
90 61 h 0
90 62 d 0
90 63 h 0
90 64 d 0
90 65 d 0
90 66 p 0
90 67 n 0
90 68 x 0
90 69 s 0
90 70 f 0
90 71 d 0
90 72 t 0
90 73 l 0
90 74 k 0
90 75 m 0
90 76 e 0
90 77 o 0
90 78 p 0
90 79 u 0
90 80 k 0
90 81 i 0
90 82 e 0
90 83 w 0
90 84 m 0
90 85 e 0
90 86 z 0
90 87 g 0
90 88 m 0
90 89 d 0
90 90 m 0
90 91 l 0
90 92 r 0
90 93 a 0
90 94 o 0
90 95 o 0
90 96 d 0
90 97 x 0
90 98 d 0
90 99 u 0
91 0 u 0
91 1 r 0
91 2 l 0
91 3 v 0
91 4 s 0
91 5 y 0
91 6 d 0
91 7 c 0
91 8 x 0
91 9 x 0
91 10 z 0
91 11 x 0
91 12 n 0
91 13 p 0
91 14 e 0
91 15 f 0
91 16 k 0
91 17 c 0
91 18 n 0
91 19 i 0
91 20 u 0
91 21 p 0
91 22 k 0
91 23 s 0
91 24 y 0
91 25 q 0
91 26 v 0
91 27 r 0
91 28 v 0
91 29 m 0
91 30 g 0
91 31 a 0
91 32 g 0
91 33 l 0
91 34 e 0
91 35 c 0
91 36 y 0
91 37 l 0
91 38 b 0
91 39 i 0
91 40 t 0
91 41 q 0
91 42 s 0
91 43 m 0
91 44 a 0
91 45 i 0
91 46 e 0
91 47 y 0
91 48 a 0
91 49 q 0
91 50 t 0
91 51 p 0
91 52 j 0
91 53 t 0
91 54 b 0
91 55 v 0
91 56 m 0
91 57 a 0
91 58 m 0
91 59 r 0
91 60 b 0
91 61 a 0
91 62 c 0
91 63 b 0
91 64 l 0
91 65 c 0
91 66 i 0
91 67 u 0
91 68 l 0
91 69 i 0
91 70 t 0
91 71 v 0
91 72 j 0
91 73 l 0
91 74 k 0
91 75 g 0
91 76 e 0
91 77 z 0
91 78 r 0
91 79 h 0
91 80 n 0
91 81 b 0
91 82 b 0
91 83 f 0
91 84 l 0
91 85 s 0
91 86 m 0
91 87 m 0
91 88 l 0
91 89 a 0
91 90 d 0
91 91 u 0
91 92 v 0
91 93 v 0
91 94 p 0
91 95 g 0
91 96 q 0
91 97 f 0
91 98 z 0
91 99 z 0
92 0 e 0
92 1 j 0
92 2 n 0
92 3 s 0
92 4 p 0
92 5 h 0
92 6 d 0
92 7 n 0
92 8 s 0
92 9 g 0
92 10 z 0
92 11 w 0
92 12 l 0
92 13 c 0
92 14 x 0
92 15 o 0
92 16 r 0
92 17 z 0
92 18 l 0
92 19 x 0
92 20 r 0
92 21 w 0
92 22 j 0
92 23 k 0
92 24 i 0
92 25 t 0
92 26 u 0
92 27 e 0
92 28 q 0
92 29 i 0
92 30 v 0
92 31 l 0
92 32 k 0
92 33 y 0
92 34 i 0
92 35 c 0
92 36 x 0
92 37 o 0
92 38 h 0
92 39 r 0
92 40 n 0
92 41 u 0
92 42 d 0
92 43 v 0
92 44 n 0
92 45 o 0
92 46 g 0
92 47 r 0
92 48 d 0
92 49 d 0
92 50 a 0
92 51 w 0
92 52 i 0
92 53 g 0
92 54 q 0
92 55 h 0
92 56 n 0
92 57 e 0
92 58 z 0
92 59 v 0
92 60 i 0
92 61 p 0
92 62 p 0
92 63 k 0
92 64 a 0
92 65 j 0
92 66 v 0
92 67 q 0
92 68 u 0
92 69 w 0
92 70 u 0
92 71 a 0
92 72 m 0
92 73 v 0
92 74 m 0
92 75 o 0
92 76 w 0
92 77 g 0
92 78 e 0
92 79 q 0
92 80 p 0
92 81 p 0
92 82 h 0
92 83 k 0
92 84 o 0
92 85 a 0
92 86 g 0
92 87 x 0
92 88 d 0
92 89 a 0
92 90 r 0
92 91 h 0
92 92 o 0
92 93 g 0
92 94 z 0
92 95 f 0
92 96 u 0
92 97 a 0
92 98 n 0
92 99 u 0
93 0 w 0
93 1 x 0
93 2 s 0
93 3 u 0
93 4 u 0
93 5 s 0
93 6 w 0
93 7 a 0
93 8 n 0
93 9 x 0
93 10 x 0
93 11 j 0
93 12 m 0
93 13 k 0
93 14 p 0
93 15 h 0
93 16 b 0
93 17 y 0
93 18 n 0
93 19 x 0
93 20 a 0
93 21 t 0
93 22 g 0
93 23 r 0
93 24 r 0
93 25 u 0
93 26 s 0
93 27 l 0
93 28 a 0
93 29 t 0
93 30 s 0
93 31 w 0
93 32 v 0
93 33 i 0
93 34 m 0
93 35 g 0
93 36 b 0
93 37 b 0
93 38 t 0
93 39 b 0
93 40 u 0
93 41 t 0
93 42 i 0
93 43 v 0
93 44 v 0
93 45 y 0
93 46 l 0
93 47 o 0
93 48 t 0
93 49 s 0
93 50 x 0
93 51 d 0
93 52 x 0
93 53 a 0
93 54 y 0
93 55 n 0
93 56 d 0
93 57 t 0
93 58 d 0
93 59 g 0
93 60 w 0
93 61 j 0
93 62 v 0
93 63 q 0
93 64 d 0
93 65 i 0
93 66 r 0
93 67 z 0
93 68 p 0
93 69 j 0
93 70 x 0
93 71 p 0
93 72 c 0
93 73 h 0
93 74 p 0
93 75 i 0
93 76 b 0
93 77 o 0
93 78 g 0
93 79 w 0
93 80 d 0
93 81 r 0
93 82 h 0
93 83 j 0
93 84 w 0
93 85 r 0
93 86 k 0
93 87 u 0
93 88 y 0
93 89 n 0
93 90 z 0
93 91 y 0
93 92 i 0
93 93 g 0
93 94 l 0
93 95 n 0
93 96 x 0
93 97 l 0
93 98 a 0
93 99 b 0
94 0 h 0
94 1 k 0
94 2 a 0
94 3 y 0
94 4 s 0
94 5 e 0
94 6 y 0
94 7 e 0
94 8 v 0
94 9 n 0
94 10 l 0
94 11 j 0
94 12 w 0
94 13 j 0
94 14 m 0
94 15 e 0
94 16 c 0
94 17 s 0
94 18 v 0
94 19 s 0
94 20 g 0
94 21 q 0
94 22 n 0
94 23 h 0
94 24 m 0
94 25 j 0
94 26 o 0
94 27 e 0
94 28 l 0
94 29 d 0
94 30 w 0
94 31 n 0
94 32 e 0
94 33 q 0
94 34 i 0
94 35 w 0
94 36 l 0
94 37 i 0
94 38 a 0
94 39 o 0
94 40 j 0
94 41 m 0
94 42 f 0
94 43 g 0
94 44 i 0
94 45 t 0
94 46 m 0
94 47 j 0
94 48 k 0
94 49 p 0
94 50 e 0
94 51 a 0
94 52 y 0
94 53 x 0
94 54 f 0
94 55 w 0
94 56 x 0
94 57 z 0
94 58 z 0
94 59 g 0
94 60 u 0
94 61 m 0
94 62 w 0
94 63 l 0
94 64 p 0
94 65 g 0
94 66 k 0
94 67 q 0
94 68 e 0
94 69 h 0
94 70 y 0
94 71 u 0
94 72 v 0
94 73 f 0
94 74 q 0
94 75 j 0
94 76 r 0
94 77 a 0
94 78 q 0
94 79 v 0
94 80 y 0
94 81 h 0
94 82 u 0
94 83 z 0
94 84 p 0
94 85 b 0
94 86 z 0
94 87 j 0
94 88 d 0
94 89 p 0
94 90 z 0
94 91 x 0
94 92 b 0
94 93 y 0
94 94 b 0
94 95 z 0
94 96 a 0
94 97 a 0
94 98 l 0
94 99 h 0
95 0 s 0
95 1 i 0
95 2 d 0
95 3 o 0
95 4 g 0
95 5 n 0
95 6 v 0
95 7 h 0
95 8 u 0
95 9 n 0
95 10 c 0
95 11 r 0
95 12 p 0
95 13 c 0
95 14 m 0
95 15 s 0
95 16 v 0
95 17 v 0
95 18 a 0
95 19 y 0
95 20 e 0
95 21 r 0
95 22 c 0
95 23 u 0
95 24 i 0
95 25 u 0
95 26 k 0
95 27 i 0
95 28 w 0
95 29 k 0
95 30 o 0
95 31 m 0
95 32 d 0
95 33 d 0
95 34 d 0
95 35 i 0
95 36 h 0
95 37 o 0
95 38 a 0
95 39 s 0
95 40 v 0
95 41 s 0
95 42 n 0
95 43 f 0
95 44 a 0
95 45 n 0
95 46 a 0
95 47 h 0
95 48 c 0
95 49 x 0
95 50 s 0
95 51 u 0
95 52 t 0
95 53 d 0
95 54 h 0
95 55 a 0
95 56 l 0
95 57 w 0
95 58 h 0
95 59 v 0
95 60 p 0
95 61 u 0
95 62 e 0
95 63 m 0
95 64 y 0
95 65 n 0
95 66 k 0
95 67 p 0
95 68 r 0
95 69 k 0
95 70 h 0
95 71 d 0
95 72 c 0
95 73 e 0
95 74 a 0
95 75 i 0
95 76 n 0
95 77 q 0
95 78 h 0
95 79 c 0
95 80 h 0
95 81 s 0
95 82 f 0
95 83 w 0
95 84 v 0
95 85 x 0
95 86 y 0
95 87 i 0
95 88 t 0
95 89 s 0
95 90 z 0
95 91 u 0
95 92 h 0
95 93 t 0
95 94 m 0
95 95 t 0
95 96 x 0
95 97 n 0
95 98 s 0
95 99 p 0
96 0 q 0
96 1 t 0
96 2 e 0
96 3 y 0
96 4 d 0
96 5 b 0
96 6 v 0
96 7 h 0
96 8 c 0
96 9 o 0
96 10 x 0
96 11 q 0
96 12 m 0
96 13 a 0
96 14 s 0
96 15 y 0
96 16 k 0
96 17 d 0
96 18 c 0
96 19 j 0
96 20 l 0
96 21 p 0
96 22 p 0
96 23 n 0
96 24 r 0
96 25 i 0
96 26 c 0
96 27 n 0
96 28 d 0
96 29 x 0
96 30 a 0
96 31 s 0
96 32 e 0
96 33 c 0
96 34 f 0
96 35 g 0
96 36 p 0
96 37 k 0
96 38 p 0
96 39 v 0
96 40 f 0
96 41 z 0
96 42 x 0
96 43 q 0
96 44 j 0
96 45 f 0
96 46 y 0
96 47 j 0
96 48 z 0
96 49 s 0
96 50 g 0
96 51 s 0
96 52 i 0
96 53 q 0
96 54 c 0
96 55 l 0
96 56 l 0
96 57 y 0
96 58 a 0
96 59 d 0
96 60 w 0
96 61 k 0
96 62 l 0
96 63 z 0
96 64 c 0
96 65 c 0
96 66 h 0
96 67 z 0
96 68 c 0
96 69 l 0
96 70 o 0
96 71 k 0
96 72 q 0
96 73 s 0
96 74 k 0
96 75 l 0
96 76 h 0
96 77 j 0
96 78 a 0
96 79 t 0
96 80 s 0
96 81 s 0
96 82 e 0
96 83 p 0
96 84 v 0
96 85 j 0
96 86 u 0
96 87 p 0
96 88 w 0
96 89 n 0
96 90 k 0
96 91 t 0
96 92 d 0
96 93 k 0
96 94 e 0
96 95 v 0
96 96 v 0
96 97 u 0
96 98 b 0
96 99 t 0
97 0 m 0
97 1 z 0
97 2 u 0
97 3 p 0
97 4 h 0
97 5 p 0
97 6 b 0
97 7 s 0
97 8 f 0
97 9 f 0
97 10 d 0
97 11 o 0
97 12 h 0
97 13 z 0
97 14 b 0
97 15 s 0
97 16 z 0
97 17 g 0
97 18 s 0
97 19 h 0
97 20 t 0
97 21 y 0
97 22 m 0
97 23 l 0
97 24 e 0
97 25 o 0
97 26 y 0
97 27 k 0
97 28 t 0
97 29 i 0
97 30 o 0
97 31 x 0
97 32 r 0
97 33 h 0
97 34 n 0
97 35 m 0
97 36 p 0
97 37 v 0
97 38 z 0
97 39 m 0
97 40 s 0
97 41 f 0
97 42 r 0
97 43 q 0
97 44 s 0
97 45 e 0
97 46 g 0
97 47 h 0
97 48 p 0
97 49 t 0
97 50 u 0
97 51 e 0
97 52 j 0
97 53 n 0
97 54 w 0
97 55 z 0
97 56 m 0
97 57 t 0
97 58 y 0
97 59 x 0
97 60 c 0
97 61 y 0
97 62 b 0
97 63 x 0
97 64 y 0
97 65 t 0
97 66 e 0
97 67 q 0
97 68 i 0
97 69 w 0
97 70 s 0
97 71 b 0
97 72 d 0
97 73 w 0
97 74 i 0
97 75 q 0
97 76 c 0
97 77 z 0
97 78 g 0
97 79 s 0
97 80 d 0
97 81 c 0
97 82 h 0
97 83 s 0
97 84 r 0
97 85 x 0
97 86 h 0
97 87 e 0
97 88 y 0
97 89 f 0
97 90 y 0
97 91 l 0
97 92 a 0
97 93 y 0
97 94 e 0
97 95 y 0
97 96 v 0
97 97 j 0
97 98 g 0
97 99 a 0
98 0 g 0
98 1 y 0
98 2 g 0
98 3 a 0
98 4 i 0
98 5 p 0
98 6 u 0
98 7 v 0
98 8 t 0
98 9 w 0
98 10 z 0
98 11 p 0
98 12 w 0
98 13 x 0
98 14 a 0
98 15 h 0
98 16 v 0
98 17 c 0
98 18 v 0
98 19 o 0
98 20 k 0
98 21 u 0
98 22 v 0
98 23 j 0
98 24 r 0
98 25 k 0
98 26 e 0
98 27 o 0
98 28 k 0
98 29 k 0
98 30 s 0
98 31 s 0
98 32 v 0
98 33 g 0
98 34 n 0
98 35 r 0
98 36 u 0
98 37 k 0
98 38 s 0
98 39 j 0
98 40 c 0
98 41 q 0
98 42 f 0
98 43 w 0
98 44 c 0
98 45 i 0
98 46 f 0
98 47 g 0
98 48 f 0
98 49 b 0
98 50 r 0
98 51 v 0
98 52 j 0
98 53 l 0
98 54 m 0
98 55 n 0
98 56 x 0
98 57 t 0
98 58 f 0
98 59 f 0
98 60 c 0
98 61 e 0
98 62 c 0
98 63 z 0
98 64 g 0
98 65 x 0
98 66 u 0
98 67 q 0
98 68 i 0
98 69 b 0
98 70 x 0
98 71 z 0
98 72 g 0
98 73 z 0
98 74 x 0
98 75 e 0
98 76 a 0
98 77 j 0
98 78 d 0
98 79 m 0
98 80 y 0
98 81 h 0
98 82 e 0
98 83 r 0
98 84 r 0
98 85 a 0
98 86 d 0
98 87 h 0
98 88 h 0
98 89 z 0
98 90 i 0
98 91 x 0
98 92 z 0
98 93 s 0
98 94 b 0
98 95 i 0
98 96 w 0
98 97 m 0
98 98 w 0
98 99 z 0
99 0 b 0
99 1 x 0
99 2 u 0
99 3 y 0
99 4 i 0
99 5 k 0
99 6 r 0
99 7 e 0
99 8 p 0
99 9 l 0
99 10 n 0
99 11 u 0
99 12 d 0
99 13 d 0
99 14 o 0
99 15 m 0
99 16 g 0
99 17 x 0
99 18 p 0
99 19 v 0
99 20 c 0
99 21 e 0
99 22 a 0
99 23 g 0
99 24 n 0
99 25 c 0
99 26 a 0
99 27 p 0
99 28 s 0
99 29 s 0
99 30 a 0
99 31 a 0
99 32 v 0
99 33 h 0
99 34 z 0
99 35 q 0
99 36 u 0
99 37 w 0
99 38 o 0
99 39 f 0
99 40 r 0
99 41 j 0
99 42 b 0
99 43 s 0
99 44 h 0
99 45 e 0
99 46 g 0
99 47 b 1
99 48 a 1
99 49 c 1
99 50 k 1
99 51 s 1
99 52 j 0
99 53 c 0
99 54 h 0
99 55 m 0
99 56 z 0
99 57 l 0
99 58 l 0
99 59 n 0
99 60 w 0
99 61 x 0
99 62 b 0
99 63 o 0
99 64 t 0
99 65 i 0
99 66 m 0
99 67 i 0
99 68 n 0
99 69 t 0
99 70 s 0
99 71 m 0
99 72 o 0
99 73 a 0
99 74 k 0
99 75 e 0
99 76 j 0
99 77 t 0
99 78 z 0
99 79 o 0
99 80 f 0
99 81 e 0
99 82 s 0
99 83 b 0
99 84 q 0
99 85 x 0
99 86 t 0
99 87 k 0
99 88 d 0
99 89 w 0
99 90 f 0
99 91 z 0
99 92 f 0
99 93 w 0
99 94 v 0
99 95 l 0
99 96 e 0
99 97 a 0
99 98 u 0
99 99 a 0
